# Hardwick et al. (2022)
# 2022MNRAS.509.3751H
# Table C1
# --------------------- Half-light radius Half-mass radius
# Nobjects per bin, < log10 (Mstar/M) >, < log10 (Re/kpc) >, < log10 (Re/kpc) >
57 9.11 0.42 0.04 0.34 0.03
67 9.30 0.43 0.04 0.38 0.03
62 9.47 0.37 0.03 0.36 0.03
61 9.70 0.47 0.05 0.40 0.05
73 9.91 0.46 0.04 0.41 0.03
127 10.10 0.49 0.03 0.43 0.02
134 10.28 0.47 0.03 0.38 0.02
125 10.51 0.51 0.02 0.40 0.02
106 10.69 0.61 0.02 0.46 0.02
114 10.91 0.70 0.02 0.56 0.02
83 11.10 0.76 0.02 0.66 0.02
46 11.26 0.85 0.02 0.79 0.03
