logM logSFR
7.369223438062411 -20.0
7.314312734631721 -20.0
7.387682366111534 -20.0
7.382755589020267 -20.0
7.294643658151503 -20.0
7.411163383683128 -20.0
7.450955141862002 -2.1337193564335357
7.539278380580032 -2.6406969413206873
7.577054251359831 -3.8063990593385304
7.460568186719485 -20.0
7.40529617903835 -20.0
7.55521387935607 -2.1611596071703936
7.696975502766785 -2.162377238332872
7.787242875931155 -2.008914480021497
7.802224947853775 -2.0459616150563518
7.609505034864739 -20.0
7.4760791729746785 -20.0
7.216212590038979 -20.0
7.413329168945635 -4.059443307308128
7.592198527718474 -2.7459263107915524
7.779077419066421 -2.871084124763817
7.934711096431049 -2.4844831509676957
7.969553174550908 -2.4468550537784868
7.832445531520188 -2.326503063119962
7.587868326810816 -20.0
7.251753013395546 -3.4983449561224096
7.473145969329792 -3.3824652392853785
7.781200361722939 -3.1543212998389203
8.004124812589648 -2.5828345641122907
8.113051391620012 -1.5449225421719945
8.043225871983259 -1.632833311946271
7.986870211209995 -2.1241172906999894
7.697803540780082 -3.1552022245767364
7.387335929675943 -3.2369438981830334
7.656664045183433 -2.505342603000584
7.984160883353077 -2.3739089613139983
8.364201861134408 -1.3368592056556439
8.405323349979641 -1.1847419989787298
8.19031418772376 -1.5107827999079928
8.05301174535324 -1.7441097140742585
7.410339743876679 -2.5696228540853623
7.781559170405399 -1.7805149865703673
8.124679040369765 -1.6767960431927793
8.563664988553471 -1.517968263573855
8.869763966346243 -0.7970006920080586
8.340638086573577 -1.076850339583998
7.974247839179645 -1.6339457862021887
7.745529638316931 -2.71631876269342
7.580073665736898 -20.0
7.371838274388075 -2.775749275720113
7.852539933912701 -1.9110121485829958
8.115721427099393 -1.733759611267928
8.346547678631499 -1.683701348531799
8.438609447257486 -1.562982495711023
8.172943651749843 -1.590201358355092
7.862708638998598 -1.3676081008230532
7.7232573821975254 -2.862953285846364
7.318169311591262 -4.1759554706397735
7.812102919759912 -1.7854321860043605
8.11263425599179 -1.5718878779076153
8.157727162346161 -1.6110483390764052
8.12802095088326 -1.7679828535086421
7.929520442160569 -2.1301012527933674
7.826214652738233 -2.0189129477584955
7.5651371189338334 -4.2492901541237345
7.267560075139673 -3.2258009583654363
7.6763239597587525 -2.3588357633784063
7.996372977686522 -2.052729545797713
8.041895023527136 -1.799087301435234
7.999383028635164 -1.8531860886551816
7.818824652567694 -2.0214046539006443
7.655451947532086 -2.1405770442127547
7.263509781101431 -20.0
7.502116873950931 -3.273966848001653
7.8617480914839035 -1.8751285478109967
7.916290773842468 -1.9764898298893248
7.866412934247525 -2.032665835434966
7.681848622373634 -3.336221019649887
7.514284550575387 -20.0
7.190150539446822 -20.0
7.230920174537871 -20.0
7.591343080624525 -3.3916114900578487
7.738843167216452 -2.7116356977564275
7.66588159932206 -1.8043949390162832
7.608213965664459 -20.0
7.471858955201628 -20.0
7.272501700628613 -20.0
7.350044969505765 -20.0
7.403931430263485 -20.0
7.321550510285197 -20.0
7.062164695557896 -20.0
7.116439693692479 -20.0
7.127393146723517 -20.0
7.097512653444074 -20.0
7.233323766505046 -20.0
7.239817813815434 -20.0
7.451663879677459 -20.0
7.490133130659319 -20.0
7.499372313668654 -20.0
7.439694194226586 -3.109219069209848
7.494796351020696 -2.635042891019721
7.41416953809284 -20.0
7.327257078236652 -20.0
7.2653931073807305 -20.0
7.173475045767177 -20.0
7.286358004908573 -20.0
7.050314387975067 -20.0
7.244511870607813 -20.0
7.258119225206518 -20.0
7.303559620505033 -20.0
7.384707876152962 -20.0
7.447573190876114 -20.0
7.699412643200911 -20.0
7.725859355501798 -20.0
7.767457995034686 -3.2173463997679757
7.762948497573445 -2.947007994128259
7.775193755256491 -2.706455098185186
7.7650791491181455 -2.575977309243716
7.715168354305797 -2.548368390256062
7.707571117583151 -2.131019975269986
7.724333860789608 -20.0
7.479828593458319 -20.0
7.381286503669652 -20.0
7.366075896317883 -20.0
7.150115448716481 -20.0
7.16100636985755 -20.0
6.814387997998136 -20.0
6.968099558471744 -20.0
6.788038411330225 -20.0
7.312426649032573 -20.0
7.483734742370597 -20.0
7.53679288740471 -20.0
7.671318707934537 -2.845710687128327
7.878463548124101 -2.4533842724538486
7.941278729249592 -2.919416347416716
7.890296968164653 -2.6525755242545466
7.886463327947849 -2.9841090246129176
7.8993518280348844 -3.198941155959381
7.911224982028223 -3.400514414511853
7.889342719771601 -2.7623273741582577
7.887577706447267 -2.1971263052593466
7.881019563254688 -2.1800093796393116
7.7289369775723795 -2.825801562119723
7.642218879962313 -20.0
7.249166750098696 -20.0
7.158354511030646 -20.0
6.837753131437392 -20.0
7.009337992098636 -20.0
6.85152167749057 -20.0
7.422981861158841 -20.0
7.615501422607335 -20.0
7.826308761288697 -3.3507065812949897
7.98134288783533 -2.2303139825332874
7.864043547555517 -20.0
7.877586848219196 -20.0
7.823889487486309 -20.0
7.85063366692991 -20.0
7.8357569856586196 -20.0
7.79517437255681 -20.0
7.778604669815114 -3.3317612340223195
7.807922164607136 -2.8355141514951545
7.880932554737325 -20.0
7.839720472432613 -20.0
7.840519360223575 -2.4733907269487085
7.778102533147181 -2.1530996150132267
7.574797205245357 -20.0
7.380795330345569 -20.0
7.223667776458203 -20.0
7.102181530916111 -20.0
6.95558665797455 -20.0
7.577136718666281 -3.2245505803682573
7.786641398265512 -20.0
8.094374500104683 -1.974765681843813
8.135842648134435 -3.1253042393062613
7.968513827037503 -20.0
7.8983714212629055 -20.0
7.926536529673126 -20.0
7.897825029886907 -20.0
7.879897177426847 -20.0
7.873669183254044 -20.0
7.827327854878223 -20.0
7.665174296704105 -20.0
7.706066457018126 -20.0
7.767274269746649 -20.0
7.797619636444944 -20.0
7.843698489175623 -20.0
7.833795960850005 -2.547255112965059
7.84345757117568 -2.5621979789558003
7.659156476857796 -2.3938615517775332
7.069307720428907 -20.0
7.765356456924677 -3.339900593488906
8.01375265244509 -2.9107153133488337
8.27937068426332 -2.268574455470485
8.216680498463145 -20.0
8.107996718157258 -20.0
8.051279178250134 -20.0
8.074900278007998 -20.0
8.054247667288045 -20.0
8.052236177115512 -20.0
8.001241480314276 -20.0
7.895106978391484 -20.0
7.851867947967554 -20.0
7.909490513002628 -20.0
7.899872412305222 -20.0
7.867012763324067 -20.0
7.9036458398807445 -20.0
7.888698754680091 -3.072571293931737
7.850169807902696 -2.901638944217224
7.814697350068979 -2.4644750889670246
7.600107498514779 -20.0
7.3707297549465425 -20.0
7.205639111140532 -20.0
7.399861941316217 -20.0
7.41787026630986 -20.0
7.621846424600301 -20.0
7.732315237649568 -20.0
7.73440987784343 -20.0
7.8450959938667735 -3.266925539377606
8.096427193377016 -2.20759678991999
8.380156629335424 -1.946688806414458
8.38416967709918 -20.0
8.279794876694858 -20.0
8.295704893492546 -20.0
8.388766702775662 -20.0
8.445552325915004 -20.0
8.470164450347225 -20.0
8.377910356485403 -20.0
8.22474695431298 -20.0
8.217184596803474 -20.0
8.180174624163723 -20.0
8.162631001256528 -20.0
8.092427293743741 -20.0
8.063897661011927 -20.0
7.983298188968974 -20.0
7.764385220822721 -20.0
7.836852822676863 -3.0386735638160687
7.663773432278437 -20.0
7.491901994578054 -20.0
7.252339220769836 -20.0
7.4540938941487225 -20.0
7.477568484300982 -20.0
7.666944845629073 -3.3389059990116152
7.801015882727215 -3.013879303227968
7.80100957048231 -3.1806813128369953
7.864751476414417 -2.8321915523446477
8.02810630174344 -1.9963827506392178
8.305290002528901 -2.420819747494284
8.360677406338024 -2.6459711448012397
8.405179427027933 -20.0
8.463059233826543 -20.0
8.568575742878028 -20.0
9.29889868611103 -1.5381396655951345
8.885118463345654 -2.9338356341947227
8.58583198167351 -20.0
8.485759041409887 -20.0
8.405685154827074 -20.0
8.327987591763318 -20.0
8.209399166489948 -3.0445237067070257
8.169800572601865 -20.0
8.00174989837608 -20.0
7.857753114771199 -20.0
7.7796843143366186 -20.0
7.767819369045592 -20.0
7.684413563856961 -20.0
7.542349171025108 -2.364133719673129
7.2311464906274106 -20.0
7.349399873445675 -3.3637570013471705
7.656993472584644 -20.0
7.888520273181965 -2.4325153408723064
7.948259480355326 -2.406216699688941
7.930425363297081 -3.2621424865636275
7.965975421099983 -2.692102537160719
8.08774915024434 -2.5760931469940243
8.139601800461081 -2.936752790034517
8.220564065590827 -2.7439404020064533
8.37317222012561 -2.987747974856569
8.55515397389237 -20.0
8.853821575808306 -3.299761046960584
9.48486492403658 -1.285056027487667
8.968637736593433 -2.2905036595879342
8.641596012272379 -20.0
8.59137728629205 -20.0
8.57921392945389 -20.0
8.522075368349565 -2.8240836182304534
8.469212858116926 -2.0960263067205442
8.3539813050759 -2.271316122170051
8.144506483613334 -2.861557645645422
7.771368982052939 -20.0
7.752809395344296 -20.0
7.695691526058097 -20.0
7.593590452848506 -2.2232719255811006
7.132794637663544 -2.988901760449836
7.357422509299964 -20.0
7.5465728375056615 -3.1679173138183643
7.820199332365507 -2.5833099073576533
7.940775175113812 -2.297448536900796
7.92470610595141 -2.3045038405026563
7.911457185292703 -3.155019182917483
7.974243246707434 -3.45178847516563
7.995615510573093 -20.0
7.9878654427013425 -20.0
8.126246614432368 -20.0
8.246470720537095 -20.0
8.406146072999471 -20.0
8.492031481860945 -20.0
8.509990287874084 -20.0
8.429551310737612 -20.0
8.451856712152791 -20.0
8.504376047548298 -20.0
8.527051440860335 -20.0
8.52624659188934 -20.0
8.432985400725759 -1.7322721292632755
8.184889983811154 -2.29616674423082
7.873747300894651 -2.8963571245456863
7.7163657203053715 -20.0
7.681361193314686 -20.0
7.50489648436515 -3.1220247156768495
6.848897598397909 -20.0
7.134071394137832 -20.0
7.356700539196236 -2.645874732730321
7.60784608282383 -2.6436506498257555
7.863372017619058 -3.0133650003093746
7.947826698742532 -2.1106541536587113
7.9820227184336945 -2.14822352725113
8.020113289347828 -2.7602867366507473
7.982968533324281 -2.850337759418203
7.973970447847304 -20.0
7.982214436341698 -20.0
8.061202445079232 -20.0
8.094756428827232 -20.0
8.148697654870942 -20.0
8.160415294634209 -20.0
8.279518791120072 -20.0
8.323015883321899 -20.0
8.394857390874407 -20.0
8.41379980630878 -20.0
8.407714354152938 -1.7099428741937246
8.250836129573946 -2.1154066167583907
7.8443798601034205 -20.0
7.67013266168491 -20.0
7.639234891220239 -20.0
7.590911497690211 -20.0
6.456428041095579 -20.0
6.952257151261967 -20.0
7.110730127287177 -20.0
7.391882231544609 -20.0
7.54745242255586 -20.0
7.797395692947139 -3.150952107428505
7.959970814599904 -2.449241918524657
8.015575687258348 -2.4215831687047853
8.001566591206933 -2.5652968586036082
8.06676667748258 -2.3680114438820077
7.9989827750616405 -3.0911870703224222
7.965967337991557 -3.3418728247438123
7.961742318779509 -20.0
7.97853603385403 -20.0
8.001311544093534 -20.0
8.022876095681958 -20.0
8.037123564026516 -20.0
8.060676275836801 -20.0
8.189300891112055 -20.0
8.223328671340829 -3.2093059764647887
8.253539288676809 -1.4834461348386814
8.048603065373074 -1.588679107735719
7.80398961844831 -20.0
7.6952159030093865 -20.0
7.608699367619224 -20.0
7.577801585375252 -20.0
7.531409808933827 -20.0
7.661128918323497 -20.0
7.72856368455063 -20.0
7.799854099009628 -20.0
7.884173921526272 -2.429345659857681
7.930750079411475 -2.5899844517492796
7.87123457624135 -3.019153413157043
7.891854199194631 -3.2481840476080626
7.907298334483489 -20.0
7.926802499603935 -20.0
7.943203956356738 -20.0
7.964494381405218 -20.0
8.001463469055096 -20.0
8.02646535542136 -20.0
8.08286431769669 -2.40646648600353
8.126424859805262 -1.804687128697118
8.067590711990865 -1.5569236432127336
7.460335862485519 -20.0
7.62184286816843 -20.0
7.634136184891836 -20.0
7.693409912921075 -20.0
7.755716967937348 -20.0
7.725919620286794 -20.0
7.79646664659972 -2.935958481929391
7.8428334024895285 -2.6091821172347336
7.860226055028048 -2.2640861963081753
7.915890741035316 -2.900572885109533
7.941718874980564 -2.1515871322276134
7.968772564716054 -2.5742447912038164
8.003969188321145 -2.480132699033317
8.075197482329097 -1.656151142147087
7.958490887653294 -2.005563863893543
7.425480411022886 -20.0
7.57950703151759 -20.0
7.572856852593356 -20.0
7.611328542416383 -20.0
7.652525859040138 -20.0
7.571203183019796 -20.0
7.550801318248122 -20.0
7.563164228475805 -20.0
7.741556749467603 -20.0
7.774268919215215 -20.0
7.837629132910635 -20.0
7.89383077146252 -2.5141096724830585
7.834253146220655 -2.099470539227563
7.67165359012644 -20.0
7.505520965648811 -20.0
7.376422448055425 -20.0
7.4135851644699216 -20.0
7.413960357601578 -20.0
7.487341696660442 -20.0
7.525751902754648 -20.0
7.368204903279729 -20.0
7.259340832014914 -20.0
7.276277172845593 -20.0
7.505746680875184 -20.0
7.473586325506871 -20.0
7.5445884577777225 -20.0
7.585479092028746 -20.0
7.54702890665881 -20.0
7.486450913687996 -20.0
7.460992430413382 -20.0
7.7571124739359565 -2.337972152424364
7.86970089812024 -1.521289735311222
7.966332850485145 -2.4690492291150976
7.9293578100988045 -2.8776937679888337
7.883482997974432 -2.581429284413058
7.762786823418765 -3.919303162551399
7.644457725970663 -20.0
7.575889148558496 -20.0
7.567820977841912 -20.0
7.63739237087667 -20.0
7.6867849060926146 -3.6849589502915885
7.686040972242951 -20.0
7.685968150328912 -20.0
7.647985267236385 -20.0
7.717617208492846 -2.3855676563274875
7.652812308626848 -2.576444576804687
7.633194238151942 -20.0
7.4932967878863845 -20.0
7.472166278848014 -2.9306747125930164
7.436011316485369 -2.0019605223715407
7.349963457331827 -1.8998615507640244
6.993121200830236 -20.0
7.793213792136759 -2.213232663179806
7.9131449757331325 -1.6829350362767137
8.012005240627005 -2.4100005678656706
7.990587530247839 -2.8069630051285994
7.896037917763433 -3.98580956886478
7.7339593592572635 -20.0
7.664987694964757 -20.0
7.658997318415885 -20.0
7.747814579444636 -20.0
7.721801680041389 -20.0
7.707851845828919 -20.0
7.7905311096175796 -2.7600765626959345
7.7496202398602065 -2.759990066815514
7.7170400278260525 -3.1057068500733527
7.657732549048077 -2.263504029602014
7.5601630837387495 -20.0
7.635997008464409 -20.0
7.104864689928466 -2.1752718564557467
7.870734461410115 -2.4311206484910124
8.004983165745415 -1.9343867613525634
8.028158723521715 -2.1472310410256967
8.009039981312869 -20.0
7.911631604451071 -20.0
7.827054399685642 -20.0
7.6822174921430575 -20.0
7.753652299460192 -20.0
7.769948231758464 -20.0
7.772785354693048 -20.0
7.728230796939028 -20.0
7.7584491493963155 -20.0
7.721473527430298 -3.459881378841528
7.7459479107272085 -3.004801790771656
7.781790867674073 -2.911784735934217
7.705222826504828 -3.0746858173570724
7.723983453693448 -2.7172182138915195
7.631966336242341 -3.1032948045596065
7.552870774915703 -20.0
7.602128173067523 -20.0
7.471129525726367 -20.0
7.131810965794809 -20.0
7.9564443486657925 -2.6090892816641746
8.099640120588667 -2.227252321951127
8.055385986889428 -3.189834009669689
7.897701198407423 -4.224662322237562
7.904420125696479 -3.6496743125221074
7.782590719070205 -20.0
7.844662523893152 -20.0
7.931072551221654 -20.0
7.844780021962339 -20.0
7.821403186165297 -3.213205016116217
7.782146271942473 -2.663365715377994
7.764610167605182 -4.141876017808183
7.786042516928193 -3.992629441662032
7.734150645963017 -20.0
7.772240351453496 -3.16750822441506
7.712512601058 -2.543469248598474
7.6705081647670585 -2.244965986827981
7.6586507846413685 -20.0
7.324251194060855 -20.0
7.184716784115211 -20.0
8.005483520371241 -1.662500142516871
8.128529096109023 -2.2351564097137815
8.048658438985571 -20.0
8.213873712168354 -3.684069856549081
8.15161577268488 -3.5888158610411787
8.027160218257908 -20.0
7.929549189136221 -20.0
7.830099497250144 -20.0
7.839917170764935 -2.980112427377617
7.842992090015986 -2.884047217874644
7.798189115480922 -2.299612003391748
7.7729492971114515 -2.5824287585807495
7.640626926344048 -2.755474665761838
7.523959411011282 -20.0
7.4425494907521275 -2.426113204238768
7.326664032751757 -20.0
7.257909870606123 -3.5228159760446855
7.367884912984996 -20.0
7.465647820840507 -20.0
7.674361867758599 -20.0
7.896789002703413 -2.540509642535932
8.127822228649652 -1.2136041300823792
8.150899412714205 -2.793516255164608
8.153392065917977 -3.6646096723078467
8.185265759700384 -3.4539792074861553
8.28006563187949 -3.140225977769748
8.6199258086007 -2.9725623765047966
8.538497339263914 -20.0
8.299623676696346 -20.0
8.167064970349593 -20.0
8.093310544370159 -2.4886884675298075
8.063086542675453 -2.6195184835848635
8.05795925430351 -3.037180434833948
7.957226584666929 -2.7091923066770116
7.900062240343709 -3.710386617996724
7.697257164016316 -20.0
7.567729728964271 -2.7480961470187584
7.417930424207673 -20.0
7.243321450178324 -20.0
7.286269596518056 -2.9898886398476856
7.384948239233268 -20.0
7.505272734603058 -20.0
7.769399536514911 -3.155034211234006
7.970596484616366 -2.6146387217343814
8.173752753519793 -1.320664709143125
8.247787370729997 -3.028287944942961
8.921202692035015 -1.7541686769189357
9.027252286354981 -1.2777778301629907
8.827776509443856 -2.099901408757903
8.581916378181267 -2.489937831848528
8.400265804270214 -1.7610889643445753
8.345862261797288 -2.936946552903434
8.355408831761766 -3.220932586523906
8.195893623356529 -3.004904195076336
8.120342932130113 -2.0372658083850714
7.990269946663277 -2.4141124628491295
7.701746953911709 -3.758654974190122
7.48600031979324 -2.714378911830402
7.51817374604293 -20.0
7.236372522891076 -20.0
7.224387636691372 -3.614754028941558
7.322856778884049 -20.0
7.5458040939015 -3.3665753031667127
7.846595167152291 -2.091784849146611
8.039887640223162 -2.215318217228549
8.231957696333362 -1.399038696545567
9.446751817613983 -0.3797579773040243
9.218738418444978 -0.398159988903282
8.561674658567114 -2.8362106017446265
8.4086437262808 -3.3534087741944507
8.398084884028743 -2.8422250336548416
8.310377021616727 -2.657123656167917
8.141067936754702 -1.897641088766295
8.0812829838447 -1.7815912120534654
7.860489975018503 -2.150932785142383
7.6241092555628915 -2.7699360161690865
7.459175291472827 -20.0
7.215823806257177 -20.0
7.2403250335170455 -3.9101198816346514
7.319377280791202 -20.0
7.477655020838415 -3.029554081043037
7.7935277405104095 -3.233997200089943
8.087498186423474 -1.8572618540470252
8.195152478891366 -1.5656626372902138
8.39115867976719 -2.2537501566334557
8.44196957565182 -2.860266766107803
8.515656198485093 -2.5266623525204848
9.23642790824705 -1.1841071688358036
9.166124317427743 -0.9490431783003933
8.311360880664365 -2.6183333306949192
8.150924984355129 -2.170361356912651
8.10268988675644 -1.554398327349683
7.838736047728576 -2.5379712508116614
7.631231254644941 -2.0901442406967066
7.3022717847794985 -20.0
7.170819740354958 -20.0
7.190419352996663 -20.0
7.3925152527122915 -3.921202980050649
7.506220898981076 -20.0
7.791067761544769 -3.1834425322279523
7.985572892432563 -2.619326329232363
8.067872408558259 -1.6786890273974302
8.180037335258687 -1.7685343236101865
8.270452565549228 -2.778221295788004
8.361677896006546 -2.394609068216488
8.498117357776913 -2.803269780650328
8.61768156269594 -1.7053163951871073
8.815471034932495 -1.0102476269896838
9.001418383817905 -0.6048748953909615
9.049135240463936 -0.6862772859548768
8.846400047454416 -2.0516512897897474
8.628862931281153 -2.4308042757517323
8.232129605334942 -3.0669246002130657
8.119138246606441 -2.4368136175150075
8.023102085558591 -2.3883666271361035
7.742593454398579 -3.562119769598443
7.621559753875431 -3.0093131762219367
7.413232906591925 -20.0
7.245383621346281 -20.0
7.145000269541068 -20.0
7.33825402554731 -2.2270064068791635
7.658699526892094 -3.2801059183734997
7.7130476061392645 -3.2642031898411306
7.951731797814601 -2.805658025836989
7.950706987783169 -1.9390240562476726
8.016475791835283 -2.2371056063632575
8.037763153854735 -2.8430257083458748
8.096837498062422 -2.9425892155618656
8.23465646354812 -2.6235175943660813
8.385637681520828 -2.176403379312257
8.611119801697768 -2.096867542471018
8.759689058538163 -2.09706996726928
8.702446393601152 -2.504314971405631
8.531378547351261 -2.484424430774105
8.138200701277862 -20.0
8.128399424529194 -20.0
8.176238884394335 -4.945872213949848
8.171050229322773 -2.7824567475395683
8.094221309580306 -1.5244915958799299
7.956057326471626 -2.3123857344946863
7.754351627252259 -20.0
7.6598071231442555 -20.0
7.410395163969143 -20.0
7.296165242831433 -20.0
7.118823749318656 -20.0
7.232668378268561 -20.0
7.402861361738721 -20.0
7.592195283082266 -20.0
7.813840782687523 -2.3736090868128574
7.837236370460181 -1.74987936243707
7.808442449368988 -2.413120128486438
7.824806601024587 -2.7760518368645886
7.859007405207788 -3.023990900848096
7.976034652296514 -3.2415535488271434
8.145094202701701 -3.2318290871961146
8.2948481375651 -2.9761095178758605
8.383433661359396 -2.8078693689074483
8.107953994420805 -20.0
8.040667458829018 -3.9057647777906004
7.987402739561205 -20.0
8.034971262086962 -20.0
8.1000841834186 -3.94968439193479
8.121423668660922 -2.7095096392481706
8.06912658828273 -1.7495813883912266
7.129469067776078 -20.0
7.263741208186592 -20.0
7.3516487349873865 -2.4050316622973194
7.511904228945045 -20.0
7.701445473669624 -20.0
7.712244268384542 -2.9983688646977247
7.738155655591401 -1.7015907558796455
7.728127095558467 -2.1875358033736836
7.736871729682666 -3.056258083443753
7.777637419321888 -2.8770747945863695
7.884145576379352 -3.4086545215985424
7.965731734535935 -3.58171027902346
8.010624160871277 -3.5181215428430406
7.9876990256203255 -3.1238435300939233
7.889463344515241 -20.0
7.837772327923789 -20.0
7.871805491239706 -20.0
7.967564342011799 -20.0
8.048668641513398 -3.3723637532121398
8.06711486864979 -2.333135199189747
8.003697088735512 -2.505217163782207
7.1161616621214465 -20.0
7.135346291327934 -20.0
7.2244400570761185 -3.471144800562282
7.619345913461277 -20.0
7.599359880498534 -3.107245026819278
7.6253192800851055 -1.7682927135803213
7.623051312988492 -2.8045211802548264
7.627522716554852 -2.972705076152718
7.733940657923563 -3.3499238782751335
7.733528904361911 -3.375181050735482
7.762759478883583 -3.49237470306038
7.784491102397503 -3.0938611778954397
7.751867249935709 -4.094207478268693
7.745663929086788 -20.0
7.855879947840153 -4.074046814931128
7.950378696744801 -3.9391829364983035
8.027997261443678 -2.680727275462365
8.012235441159762 -2.2548126480667854
7.915658791359599 -2.536310673984125
6.973640699566173 -20.0
7.0924211214570505 -20.0
7.1751897225791605 -20.0
7.306828152430873 -20.0
7.480349859022152 -20.0
7.482367958695161 -2.937911856195159
7.4631310726930336 -3.207291075162866
7.540960807198731 -3.0801017765619507
7.559057598861343 -2.2140900220042616
7.5838880844563645 -3.069555923267907
7.572012585009079 -3.3531153653477928
7.65003024791719 -4.004725172159362
7.690428425170209 -3.097917836029804
7.65387347477826 -3.78995593367036
7.698065217420836 -20.0
7.776214281658526 -2.9112528334830374
7.896769167790575 -3.085616637531206
7.950093682953004 -2.0806710431554043
7.946863695176639 -2.168540448560851
7.782262991016248 -3.636064535655046
7.0206337372352 -20.0
7.132952477980006 -20.0
7.025641919024957 -20.0
7.1707760635893525 -20.0
7.31368543904201 -20.0
7.246288332745716 -20.0
7.35567107243747 -20.0
7.413551977036472 -20.0
7.471298516172366 -20.0
7.476964104182951 -20.0
7.534551123015 -20.0
7.541427400766727 -20.0
7.545349817541369 -3.1331269857418538
7.581628464540088 -2.785031449095092
7.612249980433335 -2.675325237208625
7.684985708335878 -2.081145180830696
7.808369845433021 -2.9403609061786815
7.873475729955436 -1.858980054378816
7.930092613066596 -1.8383807815162554
7.835270887432828 -2.898022632740881
7.5831691901558305 -20.0
7.213849842333453 -20.0
7.21383511189657 -20.0
7.2400660315334235 -20.0
7.377081548536881 -20.0
7.42374817192874 -20.0
7.604682537229373 -20.0
7.08143233992114 -20.0
7.264973357212559 -20.0
7.484084241384369 -20.0
7.577294571941855 -3.170859958783638
7.641717820336017 -3.544629323054772
7.634092412564422 -2.9544099952613156
7.5698940016537035 -20.0
7.56111381161019 -20.0
7.2950430159319115 -20.0
7.464508259058143 -20.0
7.606060184451014 -2.3602951487209243
7.730434716053386 -2.268343004643438
7.701059295676341 -2.655189934771404
7.707440404742171 -2.437807848923646
7.667424380942349 -2.915001237098269
7.57579072353841 -20.0
7.298600573846502 -20.0
7.083160403155105 -20.0
7.521949903200483 -20.0
7.679604346227439 -2.6029761902849797
7.715340527761781 -2.6162117022184748
7.8022262118857135 -2.819091581200666
7.917364775836084 -2.3409928884486817
7.958588955840076 -2.0946887241699286
7.801326831627848 -4.460359124401156
7.588514263112058 -20.0
7.145693794205212 -20.0
7.460599274634735 -3.7016318801551877
7.621734398340358 -2.080865315549802
7.794039322455718 -1.907488133587863
7.924308944095299 -2.0796185213201808
8.103382165411702 -1.9892212408257568
8.165370204750033 -2.359366324891183
7.974889353319 -2.8520919482560223
7.541439095160379 -20.0
7.111792853567551 -20.0
7.085416065837705 -20.0
7.382919831481075 -3.5058924207703295
7.6296719684999275 -1.5808418158020907
7.888999538671569 -1.6354659962918094
8.210177295403271 -1.1243272492268088
8.338811584165898 -1.7356198449999694
8.31675469364201 -1.7801759494113067
8.10005269789181 -2.076035108251448
7.584136375989626 -3.466794588366645
7.097098381055979 -20.0
6.97235605494358 -20.0
7.431415489508209 -3.0957545699052513
7.701865143814008 -1.912084794800046
8.041683643895157 -1.5695659579039427
8.48077957744884 -1.0936315149798732
8.76346001506364 -0.8460874934498512
8.6160704606455 -1.094289620325741
8.18313956189247 -1.3044693027199965
7.536816352591588 -20.0
7.191656946427321 -20.0
6.888440420629287 -20.0
7.423705944926393 -2.8804857894439126
7.784865934020338 -1.1075863831735777
8.086024942328699 -1.461152929285445
8.266801091962012 -1.439159578531771
8.570186291339128 -1.0359862142659475
8.462383868372381 -0.9556303172707987
7.916026253730188 -2.2581539982180123
7.476303622668556 -20.0
7.133684591579927 -20.0
6.758010570041493 -20.0
7.270900215217408 -3.076652304664422
7.721053858839652 -2.120610833687997
8.020425483823137 -1.1691775897607646
8.061724518793055 -1.5084176899312423
8.153711570475679 -0.8303504473990876
8.05666495651465 -1.6398455053022956
7.716052079276103 -3.0278817028348044
7.395371812411787 -20.0
7.026706164032335 -20.0
6.50267356410002 -20.0
7.080251142499993 -3.6801323573109155
7.524403547845218 -2.9622552823000756
7.842490709944837 -1.7944922118469624
7.8264344850432055 -1.7177806483270939
7.876387830187976 -1.8913994890958505
7.767774361807758 -1.9433071649872915
7.591648804254268 -3.634353389410995
7.230625780237827 -20.0
7.104316232025437 -20.0
7.433171485498812 -2.9637847747887824
7.670280841811077 -1.489320098333799
7.71612963467573 -2.60457371603041
7.6730864036964785 -3.0082632572848587
7.594313393939432 -3.0206973087486397
7.347435302056895 -5.103607529134444
7.474168046614942 -1.990875272598995
7.588757105724508 -1.8742824661267794
7.523454589328308 -4.101199632658048
7.404738971591657 -2.9203647865746536
7.024478130036621 -20.0
7.234434317689711 -3.7214052740178913
7.424099634348506 -3.327250478195977
7.420807679545856 -20.0
7.325351874030564 -3.542375141456577
7.017091914238393 -20.0
7.172789681407191 -20.0
7.285364582851515 -20.0
7.244590257612684 -20.0
7.100112734051678 -20.0
7.394174868012395 -20.0
7.392376028131146 -20.0
7.530152657401992 -20.0
7.620288416555657 -3.0857656803196574
7.776943416709673 -20.0
7.789945174983123 -20.0
7.829680219494254 -20.0
7.807928900448111 -20.0
7.835069346042521 -20.0
7.822523984178281 -20.0
7.83441708146613 -20.0
7.840610571452903 -20.0
7.85616715263638 -2.8341823830307167
7.818170534849048 -20.0
7.754840222050416 -20.0
7.69064828784531 -20.0
7.53478897901313 -20.0
7.5005687903445 -20.0
7.508116982813619 -20.0
7.47723298145381 -20.0
7.457336040928065 -20.0
7.453747242425242 -20.0
7.5139573381949045 -20.0
7.370446290701894 -20.0
7.199404391500982 -20.0
7.179163376216878 -20.0
7.30426596956874 -20.0
7.4153618858970605 -20.0
7.575020584201915 -20.0
7.724178158626508 -3.1460931713092126
7.87317091878835 -20.0
7.94027065749772 -20.0
7.954360604945248 -20.0
7.975584292210902 -20.0
7.994001656844106 -20.0
7.97804868946727 -2.7674598656586733
7.998534524986366 -2.938667178086798
7.9289437073164635 -2.9145633341561794
7.893996898937865 -20.0
7.869009792407314 -20.0
7.831917503873947 -20.0
7.685275042626571 -20.0
7.6223608887450665 -20.0
7.599940013878745 -20.0
7.547573186528902 -20.0
7.724216137971916 -3.1523829789139066
7.509352118050111 -20.0
7.451391098522193 -20.0
7.301537808464388 -20.0
7.2250802049185765 -20.0
7.455275517725144 -20.0
7.587368748156411 -20.0
7.683478750806152 -20.0
7.862933467757322 -3.382575041623829
8.009087600924477 -2.9381166923336584
8.012580219828186 -3.364391847887327
8.053859086769915 -20.0
8.102400439161661 -3.074405297486573
8.086037484327383 -3.1835016749377614
8.0896753159859 -3.170761399984708
8.049089755930764 -20.0
7.994788330308929 -20.0
8.014418070422902 -20.0
7.9859960311077804 -2.395781268787228
7.9710435804968105 -3.2754512398590316
7.9477154977456745 -1.7892796428828768
7.858495433881656 -3.181037582561637
7.819864409738174 -20.0
7.723835712674984 -20.0
7.62899230356972 -20.0
7.564739510927388 -20.0
7.577479359685463 -20.0
7.560200563343698 -20.0
7.4375216095157635 -20.0
7.341116844034917 -20.0
7.467051532727528 -20.0
7.585368453209088 -3.3080274978018727
7.717486301063136 -20.0
7.935750749689264 -2.432625315624109
8.065569735052584 -2.790102552686529
8.103081984524733 -20.0
8.198350477824755 -2.8562088484235675
8.208321368626256 -2.8098070007882865
8.156481584187908 -20.0
8.094720764279979 -20.0
8.111262634247034 -20.0
8.096309193830404 -20.0
8.054061418535191 -20.0
8.064875348166156 -20.0
8.019199352214724 -20.0
8.026113289356847 -20.0
8.03986668410622 -20.0
7.990153648918775 -2.6907040178524193
7.932917385726804 -3.1206184705569675
7.872001576964219 -20.0
7.622361746795477 -20.0
7.550076805337605 -20.0
7.514578723877128 -20.0
7.5521610557276135 -3.0957021357926267
7.524377840553436 -20.0
7.353493408757794 -20.0
7.460115290890841 -20.0
7.773770512206139 -20.0
8.005124942524015 -2.507683943292009
8.15643718604672 -2.4219850812694492
8.211490657509248 -3.0352926023647764
8.297003901723436 -2.9178795610725965
8.268429828690158 -20.0
8.208083632156454 -20.0
8.223777434430634 -20.0
8.241967351316628 -20.0
8.28246301518709 -20.0
8.278784828235587 -20.0
8.237825520446837 -20.0
8.172554183946147 -20.0
8.135216884861913 -20.0
8.081134394549647 -20.0
8.07876060441755 -20.0
8.064135097535722 -2.7186143013582758
7.97144187814214 -2.9928057606476397
7.727939923908327 -20.0
7.60734935112291 -20.0
7.523767575424848 -20.0
7.562261915984227 -20.0
7.601234338283621 -2.748456910047674
7.352330093768376 -20.0
7.595762085763438 -20.0
7.608703149263297 -20.0
7.763489995284883 -2.749676732310838
7.983804344744062 -2.696227050276808
8.128691266371794 -2.3243793100973162
8.188375727034618 -2.434381965600392
8.263002209273212 -20.0
8.257827277237622 -20.0
8.266226555677704 -20.0
8.38117226195342 -20.0
8.49396978504628 -20.0
8.550701053972919 -20.0
8.547439848606041 -20.0
8.462188711211981 -20.0
8.380404456451174 -20.0
8.267655266866221 -20.0
8.23250893317663 -20.0
8.219124491949792 -20.0
8.181190342220495 -20.0
8.074617986157689 -2.3187828066652947
7.866685039416755 -2.2772150067163768
7.702254069690552 -20.0
7.615735950120276 -20.0
7.578420060240989 -20.0
7.578732362858615 -2.707595073576673
7.422840072415791 -20.0
7.5553042184219015 -20.0
7.605938740739721 -20.0
7.792182647628354 -20.0
8.020276119891086 -2.6155297241750692
8.16501711761607 -2.303231580077069
8.30303308455685 -2.847013036702632
8.424910091306414 -20.0
8.430626736545667 -20.0
8.466992026219192 -20.0
8.607262068442704 -20.0
8.746952943821995 -20.0
8.910315315026603 -2.759405325314687
8.972664428383398 -2.9104129223875277
8.796944411924933 -20.0
8.64020127707473 -20.0
8.373869962546886 -20.0
8.363953390286987 -2.7779780251018287
8.326719933282625 -2.7379787884787987
8.21359935453333 -2.441213812360952
7.989832270901052 -1.983929887326226
7.793178056671384 -2.4474081280666216
7.656835342272192 -20.0
7.561250122421598 -20.0
7.544678585209665 -20.0
7.349510000074247 -20.0
7.41787259615915 -20.0
7.595484614189332 -20.0
7.747039185240386 -20.0
8.007672520737307 -2.933659477725844
8.196133551454063 -1.932650923381236
8.307120921402625 -2.456930986119817
8.488689093261883 -20.0
8.543790411430836 -20.0
8.611644287591197 -20.0
8.742350771693621 -20.0
8.938777411951436 -3.103031232557967
9.5208178640941 -1.6478113142920459
9.704348516716669 -1.2460419780103293
8.97800476875382 -3.0975775582846152
8.777866340466487 -20.0
8.698285003966957 -20.0
8.579720888095 -20.0
8.506834436327924 -3.1846447104496605
8.433310810755517 -2.3531816017699336
8.294955029482258 -2.2575762782176874
8.11942646406551 -2.669363962365747
7.8730761614791716 -2.655825427225171
7.619151337941887 -20.0
7.516945291425911 -20.0
7.4882875630608945 -2.847644605687869
7.263975649360835 -20.0
7.354698481339669 -20.0
7.542915543018829 -20.0
7.760660774394583 -20.0
7.9486112513635465 -2.8948469223590743
8.121031470008218 -2.1885507575411234
8.237367287767352 -2.519507147418417
8.356843812382717 -20.0
8.393186891824666 -20.0
8.497278809468135 -20.0
8.695349497728987 -20.0
8.930967701312696 -3.0970612590603728
9.382873963219271 -2.022599694686942
9.373728152785864 -1.8385454984386942
8.926163926497827 -20.0
8.761951028921183 -20.0
8.705959947122222 -20.0
8.641573203116142 -20.0
8.60560969965737 -20.0
8.46710621183382 -20.0
8.39098296686978 -1.9957734072600828
8.124880034966067 -1.8027865410149233
7.882807313969503 -2.710472109802368
7.572012577252874 -20.0
7.435952248634576 -20.0
7.363667738250715 -20.0
7.376165328674204 -20.0
7.4747977508213745 -20.0
7.665628271676552 -20.0
7.859005555632849 -2.934399194090688
8.007226010799014 -2.8618701950513685
8.10696744070422 -2.676080939442077
8.142236253912937 -20.0
8.190794396432247 -20.0
8.27774828557994 -20.0
8.469636267333374 -20.0
8.665136694960353 -20.0
8.796607670422052 -20.0
8.793105211746337 -20.0
8.690383240678786 -20.0
8.590820469792757 -20.0
8.534057522048482 -20.0
8.525100413192643 -20.0
8.50810175162643 -20.0
8.401462762313827 -3.173026132532354
8.351916196860888 -2.651897688752312
8.136495204641486 -1.8574891998318859
7.848046276024283 -2.5544621751673784
7.59064019216556 -2.7397103393303617
7.3838576189670535 -20.0
7.334718811114411 -20.0
7.520284813955516 -3.00212087535755
7.5466972968210655 -2.979919238817005
7.613621692504385 -20.0
7.763077992244672 -20.0
7.87906307118393 -2.895874511961873
7.913690314865709 -2.177852569310534
8.07023372011233 -2.3093004132320933
8.102722395573315 -3.213089551695401
8.12827817586113 -20.0
8.123626868369707 -20.0
8.271330446511051 -20.0
8.390536387169847 -20.0
8.470229877139337 -20.0
8.497649272916483 -20.0
8.459484574406758 -20.0
8.38628673313253 -20.0
8.354125495539538 -20.0
8.36300463155563 -20.0
8.33356050615709 -20.0
8.311235129185375 -2.8826977399638762
8.249705433740036 -2.4148632526539164
8.104900009336845 -2.2456014258964676
7.928599019903623 -2.3148051763980355
7.64701738851841 -3.290975012212517
7.419829779585865 -20.0
7.401903381177944 -20.0
7.611046040988979 -2.528018653417423
7.7155232285294195 -2.1509238640515544
7.737176945315279 -2.7462568631863715
7.83329854048605 -3.354474860939491
7.890049593262287 -2.9270298601995925
8.016742800936868 -2.3975563235363584
8.094561380667288 -3.203758821183559
8.099458311054894 -2.612814726435906
8.090246529244396 -20.0
8.183116133090683 -20.0
8.23017024022086 -20.0
8.315327463290892 -20.0
8.310399845782172 -20.0
8.321571020300718 -20.0
8.248934967297485 -20.0
8.267025831390688 -20.0
8.24638321670247 -20.0
8.239757423742699 -20.0
8.232072454853686 -3.24890667253749
8.17303778585329 -2.743330883371353
8.058417737413645 -2.4175107597178243
7.8930935091794225 -2.754065571412428
7.751973714039426 -3.414289145466494
7.614239413437575 -20.0
7.497912388181944 -20.0
7.572649629109866 -20.0
7.695029375137485 -3.2458905102676026
7.708811907454392 -20.0
7.759619721589534 -20.0
7.778715075729353 -20.0
7.806885753282609 -20.0
7.834294191029932 -2.9836102949987304
8.062263053670087 -20.0
8.088952939981255 -3.041341022437615
8.153492974172922 -20.0
8.169570300288537 -2.66198306781464
8.177211016771103 -3.2285768042848235
8.170225700444455 -3.10314032043895
8.18425751317441 -20.0
8.181782446151379 -20.0
8.132744778589696 -3.2421788369575335
8.159485663616213 -20.0
8.149653241272906 -20.0
8.139619604232909 -20.0
8.037958655335787 -2.9872120521002676
7.930036284572384 -3.1042859789720723
7.732966215601458 -2.3845019797657945
7.6309054334576425 -20.0
7.548607626363034 -20.0
7.407787055660758 -20.0
7.507719677587736 -20.0
7.614833089336572 -20.0
7.661408146832301 -2.838481286236948
7.783396032507851 -2.7946201675699878
7.7591283560938376 -2.9936499150462037
7.6666457506771355 -20.0
7.718529127138548 -20.0
7.822002378163659 -20.0
7.8956389745653155 -20.0
8.001904110825716 -3.2307562759304127
8.070200114463296 -2.6648472685714917
8.099238372857569 -2.2093204796039325
8.088951079191391 -20.0
8.101419691571179 -3.051270412559636
8.144864380018188 -20.0
8.093963494616533 -3.1398692952364406
8.103066284774796 -2.8881733903759264
8.082625037838502 -3.3295066266895046
8.034746936236367 -2.9679254494073812
7.954739424913891 -2.9376597411719816
7.922861232042002 -2.169214320295848
7.758069915450875 -2.7431462291837247
7.654765762477959 -2.721215672734418
7.609147688929378 -20.0
7.545596037474698 -20.0
7.4355210790589 -20.0
7.396510771839676 -20.0
7.523680262725133 -20.0
7.5851807757553535 -20.0
7.729143777326166 -20.0
7.693690180773724 -20.0
7.480444485896679 -20.0
7.5134536860844605 -20.0
7.678087361706345 -20.0
7.741151840717546 -20.0
7.805072746787491 -20.0
7.966311175843359 -20.0
8.032547214266271 -2.561491321800797
7.99978494136142 -20.0
8.004269266018328 -2.996873668824367
7.990026782567028 -20.0
7.9962539826491605 -2.437316411391862
7.962246990309745 -20.0
7.899521630622067 -2.914614596468233
7.808134654331528 -3.0809868341983453
7.784177863355855 -3.124465583843877
7.759864053723889 -3.1995667913725923
7.696732579068496 -20.0
7.672184011854876 -20.0
7.525164479485274 -20.0
7.435601820190194 -20.0
7.326892462882729 -20.0
7.347775429518521 -20.0
7.296653457505519 -20.0
7.442650227321699 -20.0
7.576511515367838 -20.0
7.577180446751156 -20.0
7.3970924061745915 -20.0
7.500050418246081 -20.0
7.539687602480233 -20.0
7.634128298259272 -20.0
7.586547050833791 -20.0
7.876497323077931 -20.0
7.911281925436763 -20.0
7.8813236617152285 -20.0
7.838875919085349 -20.0
7.841804110387818 -20.0
7.854103615803525 -20.0
7.833390502699383 -20.0
7.7509991950061625 -20.0
7.672794804241903 -20.0
7.7073352123365195 -20.0
7.667951470219008 -20.0
7.662630860779731 -20.0
7.521031202946962 -3.2743558889492417
7.4919430084829495 -3.2463829366441708
7.3256784131170125 -20.0
7.229767453393232 -20.0
6.7003079181881064 -20.0
7.0180884960106305 -20.0
7.064687039411413 -20.0
7.044761435734121 -20.0
7.1086701415221665 -20.0
7.189949167074309 -20.0
7.2530739637354955 -20.0
7.365089091861664 -20.0
7.479540506159566 -20.0
7.590972947047635 -20.0
7.699340066042451 -20.0
7.625160300128008 -20.0
7.627144213376144 -20.0
7.567274574184016 -20.0
7.545808726973261 -20.0
6.944306552711672 -20.0
7.04297294666102 -20.0
7.041476688215339 -20.0
7.132312904919838 -20.0
7.299142237822263 -20.0
7.347586725869575 -20.0
7.44204385564685 -20.0
7.643396123325651 -2.5799710379382628
7.740917598148959 -2.304617183757694
7.831292966617419 -20.0
7.897353787377834 -2.7563250307756535
7.918711931467478 -20.0
7.876777957234748 -20.0
7.779850800959877 -20.0
7.653578523096272 -20.0
7.564523225147912 -20.0
6.94585933135156 -20.0
6.967559285560901 -20.0
7.04525320173989 -20.0
7.1864084105585375 -20.0
7.469265784774438 -20.0
7.555074458053847 -20.0
7.709091075428592 -2.9248570158422136
7.848783965149887 -2.091786547610744
7.946917463724098 -3.2312164584217147
8.023296157356615 -3.3208926918907853
8.123311603880623 -2.5858341572642995
8.163464573441868 -2.914140540076403
8.121274113218272 -2.7080807557972375
7.967097971452649 -2.8440658470191638
7.776820648510151 -2.3777077220619556
7.718026485696736 -20.0
7.051499405289868 -20.0
7.228117881578867 -20.0
7.21660823625753 -20.0
7.498224867992377 -20.0
7.640076456839757 -20.0
7.76591474073324 -20.0
7.9042422915775 -20.0
7.993723815585326 -3.2514735529310363
8.049705051669594 -3.4957733306297474
8.179530972902663 -2.9501463406474406
8.291896625920947 -2.792224826953999
8.367640122284477 -2.46803427475892
8.28470278368986 -2.215769314591499
8.095004115087795 -2.774543018296066
7.903488618039768 -2.317405860046094
7.7631679275319945 -2.8720690052763094
7.187594375578387 -20.0
7.297350530655846 -20.0
7.508321063530917 -20.0
7.91056559179207 -20.0
8.024026339578024 -20.0
8.114725025940437 -20.0
8.1997075246643 -20.0
8.319181278138796 -20.0
8.427022024910091 -20.0
8.492066358766824 -20.0
8.423323041143728 -20.0
8.204870224527195 -3.287344233893778
7.94425770905587 -20.0
7.83558346515794 -2.116219427947045
7.187410004189171 -20.0
7.329681372343442 -20.0
7.907292860459075 -20.0
8.224638606520243 -20.0
8.355605714536365 -20.0
8.469615116207052 -20.0
8.51575680344916 -20.0
8.475696139977233 -20.0
8.341395721860252 -20.0
8.221776332037367 -3.1054638785856556
8.012816650380621 -2.917183018073852
7.7310330126151845 -20.0
7.209544908740023 -20.0
7.4505363839452 -20.0
7.642901994744784 -20.0
7.735480938088702 -20.0
7.866664770480284 -20.0
8.02239755483776 -20.0
8.260732490949236 -20.0
8.52738886069909 -20.0
8.698668136140002 -3.3649394585852614
8.685024884583878 -20.0
8.559046870745162 -20.0
8.431313509858146 -20.0
8.232495134368026 -20.0
8.199800638024334 -2.9775990749703993
7.987250202396048 -2.133795718079401
7.7302917642604525 -3.0546661670556317
7.287022937126808 -20.0
7.563244966442954 -20.0
7.734588121913861 -20.0
7.852602792492984 -20.0
7.956785304980176 -20.0
8.583153454021552 -20.0
9.004712916008017 -1.512307116653352
9.235494778392393 -1.3140198450452958
8.894707600060736 -2.82967847441325
8.588193442647569 -20.0
8.35272550507107 -20.0
8.147875265025833 -20.0
8.104852020086462 -3.1242498667633245
7.927968782597686 -2.8319317580250596
7.682184625196152 -20.0
7.329225865529045 -20.0
7.647883499012415 -20.0
7.818758346630588 -20.0
7.946779172202101 -20.0
8.07107467915612 -20.0
8.41314264356353 -20.0
9.238306288728491 -1.6388778203948027
9.495980266058684 -1.4062475684892872
8.821967713928638 -2.5924616298828687
8.441827472769914 -20.0
8.212802214742966 -20.0
8.08081531954834 -20.0
7.976296143123022 -20.0
7.808507631241251 -2.8195256637827897
7.600266029230484 -3.0591597453705046
7.418977423492544 -20.0
7.7357131862811945 -2.347887681851087
7.920990015318284 -2.6481429960112255
8.011693980681367 -20.0
8.202720557754875 -20.0
8.463001063800583 -20.0
8.703163621507498 -20.0
8.836574591111704 -3.2458345670593993
8.775260350104253 -3.412589267006629
8.484930805024444 -20.0
8.19240336693798 -20.0
8.080227386538692 -20.0
8.006010546746591 -20.0
7.9067862784624126 -20.0
7.665361165608321 -20.0
7.4618125487347875 -20.0
7.520013812278467 -20.0
7.823616103863266 -2.562899711960769
8.015293903172724 -2.2180024190030685
8.121762531151187 -20.0
8.278737838078529 -20.0
8.456074770822083 -20.0
8.540569208517738 -20.0
8.497310012360318 -20.0
8.349865160304663 -20.0
8.144531730094105 -20.0
7.944725592402883 -20.0
7.959854168487724 -20.0
7.954029224161695 -3.2190036971252196
8.008503426817192 -2.9577779981484267
7.532904205991158 -20.0
7.313802787468363 -20.0
7.324284044308318 -2.9606862947602943
7.761816121825568 -2.3783639990818726
8.06706135322719 -2.077636336104059
8.220163839291965 -20.0
8.38394998976927 -20.0
8.430602222569295 -20.0
8.40798014834014 -20.0
8.260356419358322 -20.0
8.139960950011659 -20.0
8.000655394918486 -20.0
7.936650022068496 -20.0
7.957338224846142 -2.822915215333445
7.9143004852073595 -2.979485504967154
7.732312748486016 -20.0
7.417808006725753 -20.0
7.259979072535467 -20.0
7.633023885522634 -2.8597104327323906
7.9338054245102745 -2.587227484619718
8.182210496556356 -2.1938523229989824
8.308000809443941 -2.4153070645700128
8.274944561014268 -2.6659104335110997
8.179036655595517 -3.2790014620456387
7.968323606876159 -3.6978253232457092
7.936327196871733 -3.7085679283504582
7.8707679965759905 -3.552201442877487
7.91119604349229 -2.8878143525535935
7.777234688796954 -20.0
7.539059480410378 -20.0
7.239437613232968 -20.0
6.866999757841326 -20.0
7.283110098909769 -20.0
7.416157172380218 -20.0
7.644608420981397 -20.0
7.890909393469549 -2.922679434270641
7.991582592556247 -2.3623979281626153
8.032360536349048 -2.7536258940532563
7.985618096121807 -3.280943184609891
7.955548867263038 -20.0
7.767283115713815 -2.6726688534798666
7.554562807718851 -20.0
7.394863807935448 -20.0
7.133252095554537 -20.0
7.019115438769194 -20.0
7.1403875588200005 -20.0
7.243520034664689 -20.0
7.4641914483389336 -20.0
7.584434586557846 -2.887342820070745
7.814871811083533 -3.4935044287281602
7.852811283045508 -2.7235086322864177
7.810244182970156 -3.124579074913088
7.738191278575645 -2.901048583945423
7.680235421004453 -2.258056964011977
7.54657582888784 -20.0
7.42556455559698 -20.0
7.188532760596731 -20.0
7.155669787912158 -20.0
7.006122474031158 -20.0
6.914592079936324 -20.0
6.937837712273532 -20.0
7.089564712492097 -20.0
7.253077107778078 -20.0
7.35810916532222 -20.0
7.487273101008146 -2.834234593824733
7.563549216484037 -20.0
7.603686007165131 -20.0
7.652850844262337 -20.0
7.590387708763915 -3.369113617449693
7.3759684036952295 -20.0
7.200796516207566 -20.0
7.0803167286440045 -20.0
7.103596285034652 -20.0
7.047973822074973 -20.0
6.931741670529535 -20.0
6.887560651571793 -20.0
7.514164798143444 -2.5632259580450105
7.775646991700689 -2.5299822659368
8.115166028096835 -2.3460615416988033
8.098632558315767 -3.126404746321422
7.939609234920009 -2.6995997194864074
7.854862905551509 -2.963955483564163
7.796281889748694 -2.4557183307115955
7.729761071948906 -2.362528784562925
7.837889813799173 -3.2670138619453764
8.08093885733662 -2.7595959238155894
8.252137121207438 -2.545651548150947
8.265513946431662 -2.1368516080350504
8.178559274655438 -2.9457122009180337
7.9801590948787915 -20.0
7.901598842227927 -20.0
7.889550101002268 -20.0
7.784128700758723 -20.0
7.68400893381416 -2.9495848962631728
8.060535846021637 -1.6819966643456525
8.272511916640044 -2.0205833370437363
8.392789707686106 -2.437860567456371
8.335022273055738 -3.5584047723074175
7.945219410085839 -2.879728342205501
8.062166176779865 -3.6699886707684977
7.912568078993888 -20.0
7.812662047567142 -20.0
7.732250761305388 -20.0
8.226220084753509 -1.8056601941975567
8.447765316091731 -1.0844050990318979
8.464800640619083 -2.2481881633787433
8.385991208118922 -2.721772298001452
8.247376833544992 -2.9536238333565388
8.094948117502398 -2.7667569979647566
7.999459589595908 -2.51862057697575
7.924746273649866 -2.337602776930323
7.852328469416931 -2.9728142584180053
7.779217914401766 -4.048267784793873
8.315405254061151 -1.4860673912104883
8.470271678658825 -1.7159285675536757
8.447931444603862 -2.3099259027591454
8.52326908380554 -2.197131825720592
8.675219018253534 -1.773124126449249
8.489804857642243 -2.095778923850415
8.199947399494295 -2.727854934344549
8.019198843990448 -3.143251777630969
7.832839502951552 -3.378787478285242
7.401068972602356 -1.9651164248821777
7.652231923979074 -2.7609243252914077
7.936692537137265 -2.067565526118509
8.256339831771072 -1.0300560740294182
8.367530045741645 -1.8346291977268474
8.42050630476899 -1.7147363363175734
8.713074465308305 -1.3695716311318142
8.960837879012724 -1.3476804645118818
8.82083278123849 -1.7728838231553177
8.554546547346387 -1.3919137660681544
8.326999595836762 -1.7660181563740913
8.208045088828632 -2.5886948788005886
7.906528628306215 -20.0
7.747052521265652 -20.0
7.644423054092163 -3.011622677012494
7.472719952535499 -2.4649050251653017
7.6898203419991695 -2.8175810315282743
7.9757635194515615 -2.1758777850040305
8.270561409193503 -1.2441252326600205
8.35404699575511 -1.6707597990670533
8.56519976823562 -1.2606171477643335
8.989605875716073 -2.064207499324309
9.363784597280516 -2.206546298616797
9.078521517647816 -2.497241115665129
8.619173593245398 -2.463887141719745
8.435589065159053 -1.3010407726831352
8.268037225830202 -2.100751162122151
8.004816805073789 -20.0
7.753380570729995 -20.0
7.6635233957391655 -20.0
7.393595004085099 -2.5400172040187154
7.621832848412948 -3.8683372252065586
7.991747772236467 -2.772443267135907
8.251761789654282 -1.6166780775849001
8.404767343060096 -1.3901626993958265
8.632380673587587 -1.7146033847571887
9.965434646432788 -0.936797323971976
9.289632334804104 -2.411883412668729
8.65365306658902 -2.8533918346920584
8.43233466695302 -1.6566360976987782
8.31423980653818 -0.7692280675860859
8.039724104112606 -3.080726035687929
7.757796670157265 -20.0
7.618526693540024 -20.0
7.386992174608492 -2.1141009597926934
7.664674393909231 -3.0558645778645657
7.832387101068401 -2.675380475647894
8.200377901565021 -2.5862196489975537
8.352576179238898 -1.420107114189337
8.605442442741738 -2.0346571730360328
9.00544528508738 -2.8680361234025504
9.335718042370406 -2.4486599982380177
9.033224787813252 -2.1086602578993343
8.59921693228254 -2.5574709937574425
8.41919967852079 -2.0993880911263676
8.315527986367416 -1.3077038953308782
8.052595332425605 -3.6576016444391244
7.765556731969041 -20.0
7.579549531322963 -3.2922006667133563
7.447644329691639 -2.4942986277563888
7.603023742364461 -20.0
7.823282496838417 -2.766331799270991
8.114690574953618 -2.3072428364379705
8.319869648258916 -1.9321439421283206
8.506315892870134 -1.5156018796954764
8.797228183582318 -1.8478004354167217
8.937817101713767 -1.9730769207191694
8.773438322720738 -1.7048277300334567
8.54327262467189 -2.6521368801722884
8.419710107621334 -1.607292555823998
8.322571183686911 -1.3075133450108816
7.964927321472873 -3.0195720521509353
7.7053877387412095 -20.0
7.651713016548696 -2.907983204291036
7.8728485165727085 -2.4043224458679457
8.1517581943326 -2.2566065709529184
8.345370889117913 -2.6272158878907983
8.537200559686392 -1.4517130586804092
8.635962635342626 -1.3975185687893161
8.638995153049144 -2.0006352476814144
8.470759335419517 -2.456570851343512
8.399643565991264 -1.2211398381867018
8.266164768346114 -1.709893134794973
7.92580387083563 -2.7178425568825957
7.911072336508603 -2.5332995064330857
8.157335311256313 -3.022649696709528
8.29201488631605 -3.1331730723855373
8.364227990767152 -2.87670802228714
8.426733729040881 -2.7120664029132495
8.418000274061484 -2.249503779551483
8.360002474022219 -1.2604179161414637
8.137272878894384 -2.280048580346973
7.815700443913472 -2.9754688061192316
7.702096740389542 -2.61114330748192
7.783434873380882 -3.00625429411422
7.948308294807104 -20.0
8.073606373057716 -3.4475952567986026
8.322098797558276 -2.696625510050926
8.378225074049357 -0.7736146551762462
8.198692175083437 -1.902864882208331
7.999702640607392 -2.5461009359837714
7.595819368382742 -20.0
7.69964873141059 -2.654231244450152
7.7285018986694425 -2.323973119299085
7.921459722657142 -2.4302593671554877
8.063923459699229 -3.3543460815606636
8.298719027094378 -2.0742668369298833
7.9292558817580945 -2.3236744515437713
7.693854554017861 -3.1811113878813164
7.494207724442586 -2.5120297288377103
7.674400424437203 -20.0
7.8117758461616384 -20.0
7.819506296692618 -3.5952060595325035
7.9310972138245255 -3.319734967683802
8.045038842572275 -2.1620560051251982
8.143200281865973 -1.3461563007476967
7.96373284699037 -1.5826955727113705
7.686561160939088 -2.905194463129976
7.583300829343326 -4.598956069685227
7.328751877423281 -2.5432874919424746
7.6683692088857125 -20.0
7.780028255192111 -3.7871023167837037
7.875003152084281 -3.463086362029357
8.068731483322898 -2.914544432539139
7.95254440738234 -1.8486827916025341
7.589596951581079 -2.9600356633919254
7.717829009886259 -3.536142891890479
7.8138365411828365 -2.672569671508688
7.836166621840745 -2.3978230481705802
7.792143313347006 -2.554102934365368
7.710715955238101 -2.4309057767355595
7.578288524930743 -2.9562762595509526
7.671165636884272 -2.595074628997553
7.647468225841173 -3.102287974770288
7.211119474960012 -20.0
7.266114309083322 -20.0
7.343990041942049 -20.0
7.34640238259238 -20.0
7.351870764277353 -2.8261948320777046
7.2659942797198935 -20.0
7.1274782045590355 -20.0
7.081741979317784 -20.0
7.061893747979167 -20.0
6.929550412848674 -20.0
7.7896005124668655 -20.0
7.810826374287157 -20.0
7.7429154939834755 -20.0
7.761060034010428 -20.0
7.6894999031467455 -20.0
7.644380982895523 -20.0
7.618535553207837 -20.0
7.666021090035785 -20.0
7.55051810974759 -20.0
7.399308792587928 -4.473510521155716
7.387772908669319 -20.0
7.405348297730378 -20.0
7.376876156736025 -20.0
7.4891444947834085 -20.0
7.548088557791854 -20.0
7.696851672887479 -20.0
7.738229080004184 -20.0
7.813218675647431 -20.0
7.875675949854143 -20.0
7.837635140281127 -3.3222407623528407
7.92825754759432 -2.786406040734554
7.935637573501616 -2.88731673986572
7.917288670999711 -2.2641281517988268
7.899961747925137 -3.0468703175044234
7.8706839266389 -3.3983997136224984
7.773042762003938 -3.8301021321143143
7.721346553995333 -20.0
7.654131507369081 -5.773245494620815
7.747821536809113 -2.6457588811712167
7.685570014794904 -20.0
7.579172996907508 -2.3946281079196035
7.302075744995932 -20.0
7.4643738517143765 -20.0
7.454207313179627 -20.0
7.682591232224582 -3.3830634467560143
7.680331590044845 -20.0
7.825031837267394 -20.0
7.918527911719491 -2.5637536047725726
7.958339675560795 -2.8022960722106465
7.9886265312791 -3.0771472713803183
7.974841271729521 -3.3793580614233862
8.09817237151918 -2.9213828621505122
8.049967394213848 -2.354943770602933
8.016460296754301 -2.7498882145220125
7.872398976062818 -2.681580913082655
7.749240235416171 -20.0
7.762302545977446 -2.905960829365007
7.734938348076812 -3.3535823982352153
7.602483976117029 -2.2895011277961306
7.342631374745919 -20.0
7.373900987378418 -20.0
7.5594122512484025 -20.0
7.71362881374158 -20.0
7.901245524066302 -20.0
8.021243170303585 -2.66767929401633
8.069820171889743 -2.397711525417625
8.114109938409499 -2.8859551717134027
8.20301948625387 -2.614030718987509
8.257572332232217 -2.79337111692194
8.33628548667674 -2.7794501989640716
8.408631395098913 -2.6087654023298597
8.340320115458425 -2.7545789709454374
8.261962684692518 -2.641111421494795
8.14965124788655 -4.198621021881655
8.119175433055789 -20.0
8.13020172178243 -2.219649756767479
8.030881236541713 -1.9838939282776091
7.8915577380032085 -2.0812931422770506
7.780449375944375 -3.522889355864368
7.728670332752316 -2.9946227945322526
7.676728183269808 -2.202555697053726
7.409527461355454 -20.0
7.516596294211217 -20.0
7.703975842527974 -20.0
7.949951347005803 -3.019989167310607
8.113527276383433 -1.849638487412167
8.18952769303145 -1.5469216795489305
8.198410093149437 -1.4055480465292112
8.305240663187764 -2.337704885335725
8.38635756037564 -2.248275712467646
8.594985335101088 -2.131370473888468
8.755100728679741 -1.4645460312692937
8.878527563607161 -1.7523270267858324
8.702829451876392 -1.9618752820328458
8.515885278774489 -2.924893412494052
8.316590296052519 -3.308235422102225
8.261962883871005 -3.2036832674033073
8.271893355491754 -3.3980785239212787
8.18568466092054 -1.727467890711331
8.014440440878039 -1.5566113170430154
7.865334903370031 -2.5994510597907743
7.740918951300232 -1.8643184287197625
7.711475179005294 -2.538012732227019
7.368949545852899 -20.0
7.622072862679557 -3.35841881957087
7.857346064274975 -2.3164953721836845
8.035255023344888 -1.6130591217976216
8.151670961299748 -1.5441071830862079
8.294982494281324 -1.5262762586181358
8.353433552851454 -2.0579367235795805
8.410369876106804 -2.520437793348382
8.56390387934018 -2.0620948714928997
8.762176630667616 -2.1221421680838026
9.064499771223923 -0.7799712307518969
9.7098725149905 -0.12808987869735983
9.09944460632539 -0.9290888789973138
8.756456723982446 -2.6072237699047682
8.538194135956727 -3.1406755845859027
8.452496131688104 -2.5146353412363127
8.403790450201857 -1.8643858628456633
8.31655459549913 -1.7541595929245466
8.100525273277244 -1.7449383292692255
7.922671708093201 -1.8758023752903072
7.792665686218188 -2.423042292843975
7.724983552034852 -2.917318788652349
7.597947151711176 -2.630540071203476
7.776743264905238 -1.845070324708555
7.918480697073544 -1.7203841208482464
8.017152039412073 -1.9644499714555148
8.039794035551573 -1.8972175761714574
8.182418492910084 -2.1485156841881055
8.30606607322476 -2.948623475042961
8.455122505436572 -2.6553298364214237
8.668777009539099 -2.5743942730786356
8.956641213589583 -1.2502912780118671
9.361170186853576 -0.25632479361935767
9.078993744686482 -1.0507772083993308
8.793090036846651 -2.571760963988205
8.573353848415522 -2.249161244034257
8.433538117108348 -1.9391296952760027
8.3432053100335 -1.7283620479704238
8.26060176574214 -1.3602327530205829
8.099123102272543 -1.6752416651445754
7.865677408934588 -2.665679660184858
7.759680421609781 -2.701064219880712
7.622878802629591 -2.789573230708329
7.814351030841998 -2.8771004675542815
7.999728306833093 -1.9297811858227631
8.044294027769995 -1.4816681285162088
8.008668433299649 -2.492464552934794
8.057694794627173 -2.6414660770510916
8.146958651416425 -2.4880464180834174
8.212317544665652 -3.0906938605704823
8.264951038353672 -3.2951942638399685
8.394084217552106 -2.846330254179966
8.582731920346978 -2.6202681521664064
8.68850252992102 -2.30984233043078
8.652629079746744 -2.3215136164071533
8.483388043505965 -2.455366912034442
8.302680386216105 -2.432906622675553
8.262654517863616 -2.5428631391809815
8.161157598881378 -2.714507788188619
8.100614034114278 -2.394572164540433
7.998951708811641 -1.599832794610044
7.897361174926321 -2.022274617721889
7.78572594449493 -3.6714148963150133
7.5796425752064245 -20.0
7.63781528276433 -20.0
7.846150868993915 -2.484024353624694
8.002718378878342 -1.5598441388320925
7.980777038104259 -1.7590439105022109
7.887250713058289 -2.654123094539576
7.910111791264035 -2.6444247447947524
7.974029865860816 -2.661918697092114
8.04723864613735 -2.2074886924680164
8.05637869865452 -2.2889676178300533
8.133729970738056 -3.9231000978895048
8.20801025893389 -3.1400593567304904
8.265067287501548 -3.308199795919836
8.257814624661941 -3.277888807217571
8.144220759648515 -2.652459287251298
8.079138583983292 -2.6940032386862396
8.074114848837318 -2.0068505411641695
7.993459232939067 -2.1051641998235437
8.02097724854332 -1.9172286584527853
7.95807128362211 -1.6556887144422763
7.839539069791281 -2.1694957940797868
7.6896774015967635 -3.2773094899873754
7.533640668616526 -4.007968649216474
7.669357447728503 -20.0
7.872048581027384 -2.3082311443883583
8.018816514843635 -1.2841696312674065
7.995428466156722 -2.116163792376741
7.8139283064377905 -3.260241710869931
7.849453115299219 -3.25028870105111
7.835749217095628 -2.8784202752509827
7.956977323259127 -1.7979173214953004
7.939839398887582 -20.0
7.947579501883888 -2.570656624652022
8.031868323272194 -3.097330326330421
7.99575556991957 -2.422941728467408
7.963757623459322 -2.473037590996116
7.9271745394865185 -1.5473159406635801
7.9604538369064635 -1.5922140114374312
7.933395207975038 -2.1043771976189225
7.818671093246466 -2.0956182815084605
7.711111032010539 -2.558325956050711
7.552399877202876 -20.0
7.581386327269847 -2.3391502200765917
7.435694112965996 -20.0
7.674001707523693 -20.0
7.831303564091273 -2.477908891217711
7.94844022581434 -1.4311739921252435
7.92880680677473 -2.024205546837066
7.829407925779096 -3.3090678208161433
7.748609285597911 -3.002496229379327
7.807032900642803 -1.5301050576869866
7.800106837231157 -20.0
7.829324961719931 -20.0
7.879966973509001 -20.0
7.893530109123938 -2.3720443925814845
7.8992896269270645 -1.8082600866825878
7.854872588582164 -2.5088258134594006
7.875996345328825 -2.9114573167014193
7.800255314964722 -20.0
7.6970061358465545 -20.0
7.684204854615895 -20.0
7.520877099376214 -20.0
7.575672491206381 -3.1203121777005394
7.50781454199137 -2.149651050013469
7.621496149276886 -20.0
7.749536613808749 -2.960074387908982
7.912095367187242 -1.7763537864103716
7.9380031539877365 -1.5760494478235407
7.818771119951953 -3.1785393596055886
7.71102453410199 -2.8938779381493234
7.685338704489657 -2.5467153755584735
7.699152232268658 -3.6338120576498767
7.735831845140931 -20.0
7.742648083396249 -3.2755745412960713
7.745653766357115 -20.0
7.714341885433473 -3.1858746601654078
7.906485286660301 -2.6641460066025413
7.660043854550631 -2.8994975658422604
7.57840110179487 -3.3147955492902805
7.485408438432172 -2.610772631056883
7.285040613026248 -20.0
7.568128440512517 -2.871020244008221
7.185609330463794 -20.0
7.079914518041119 -20.0
6.9368955105623105 -2.7511695297290037
7.172788094171155 -2.6367392975040373
7.346949687783576 -2.318820085777698
7.84664653324578 -2.3573210277718717
7.870554924334252 -2.2295885313417956
7.502374971407983 -2.721171092060517
7.278586217094527 -2.8900611218064056
7.164096490990872 -3.281545931644249
7.296609792233915 -2.676809931880105
7.572086367498871 -20.0
7.94055670331413 -2.6120524914341288
8.137632014088917 -2.5496812019078523
8.123184721669755 -2.6839043808260525
8.065688742752817 -2.1068545960435108
7.410485723962733 -2.6209877909670443
7.6149082318256776 -2.6960385205256943
7.969394340960109 -2.148306053627137
8.399259873068123 -2.3263717861197772
8.107137814453461 -2.151491928170494
7.851859000298 -2.164402793544585
7.016503618090667 -20.0
7.399814054647676 -3.466811901298407
7.79196422407409 -2.4560610368031854
7.9781687036051006 -2.545713706426679
8.363709497193552 -2.7877708117200535
8.50070668194341 -2.262207481201407
8.130095608959763 -2.2574385717839665
7.907243086177124 -2.148823562128908
7.597863185103214 -3.6095697291013735
7.347527838261555 -3.17306583785304
7.075995429273782 -20.0
7.395247405404086 -3.0953261814634927
7.880952336262368 -3.0843206990492322
8.102733040980791 -2.473195512603751
8.14934811356887 -2.255806701918262
7.934469467434571 -2.4203944168686395
7.8583789682221115 -2.2564495970932104
7.623658035527839 -2.5549429522424023
7.233555631857457 -3.199886949796015
7.663502153621518 -2.252003173939344
7.9004999200404065 -2.0062832550189285
8.095302481898111 -1.616878085018578
8.055521946525863 -1.786449360787814
7.847793475253529 -2.2230167112110215
7.579987667195063 -2.6415454100373625
7.387564872352691 -3.002385215131844
7.283226696065525 -20.0
7.404359975105615 -2.796805126589382
7.809601855827601 -1.9187818826750385
7.728291266623941 -20.0
7.590385195187188 -20.0
7.258629638904464 -2.8013793998521463
7.413748302138822 -20.0
7.533504123065121 -3.042251538216801
7.578263608906701 -2.428873940706088
7.59205666393283 -20.0
7.657651144609679 -20.0
7.822698677887547 -20.0
8.031266769829628 -2.9787666121192338
7.947716832950682 -3.4535231781644864
7.728981012418578 -3.253951948684946
7.738382692432734 -20.0
8.34504482013195 -2.738045970843544
8.284339735297188 -3.1951057273063554
8.225906146887747 -2.9441627161567596
7.993786423998764 -3.0341848055256944
7.820765103173008 -2.857888569510772
7.84035770644307 -2.830218085604702
8.248352345505024 -2.5843713775106005
8.589174140783584 -2.8894346667122184
8.6570528010015 -20.0
8.631612366900976 -20.0
8.204781708275105 -2.6840033421420766
7.918964819042778 -2.731612875205542
7.9540766552566735 -2.553052402122151
8.380268694808112 -2.3901914578874877
8.780833440286955 -20.0
9.260361899285845 -1.5661285890070662
9.44379111729486 -1.0959951644042334
8.666247711097482 -20.0
8.336712625060436 -2.6227920126804087
7.976749818248172 -2.954442799921156
7.961366558443405 -2.936320210397574
8.279862113901729 -2.53177777542864
8.541305122078148 -20.0
9.145542380476208 -1.5615445872942735
9.285085878136494 -1.2192573451072009
8.808397616548415 -20.0
8.42025611888075 -2.5498488141560505
7.984655353522899 -2.5168121275623156
7.958083198500109 -3.112479621201374
8.326005655453825 -3.222172352908337
8.496248536935502 -20.0
8.571898948396278 -20.0
8.551448876396018 -3.361603548130595
8.332521964989096 -2.524440375694967
7.991325816075207 -2.977980500560014
7.93008228317599 -3.0607875681246126
8.01116829542099 -20.0
8.198982937179155 -2.7415495026823464
8.294558280177831 -2.877683727470542
8.324797329614638 -2.6676186486334914
8.333674095878711 -2.5514380404120605
8.160230445655973 -3.2017691706205356
7.905985530982748 -3.621429869677799
7.887159071987618 -2.9353241846787754
7.927537455360643 -20.0
8.003347448475846 -3.2559744226830047
8.137170850491014 -2.2165961300379315
8.174945488154568 -2.6011431835692966
8.08192476402921 -2.7922316992524454
7.974108885737797 -3.3636014476065923
7.7687551974194 -3.3391834540047878
7.7746696372024875 -20.0
7.900050052920221 -20.0
8.056799132695012 -20.0
7.712695578823998 -20.0
7.798771734396921 -20.0
7.945655312146454 -20.0
8.09492230965739 -2.5515965842295802
8.187679978356634 -1.9118816341046188
7.940441336031175 -20.0
7.911722462296422 -20.0
8.05013566741098 -2.540886425355766
8.161061564281919 -1.890126350529776
8.138468611623844 -2.841401471017141
8.260962136090681 -3.6915696279280636
7.914968939740029 -20.0
8.09752847781933 -1.8920107790346608
8.18658528270478 -1.439898980148737
8.173032789024315 -2.627597919229536
8.313178777548302 -2.1543000093524025
8.009868519037644 -2.895369101091314
8.173106540719568 -2.198950805608919
8.288374509549696 -3.4656005916844257
8.39273228656232 -2.2465487061950995
8.08133263403341 -2.082351057018345
8.427606916103024 -1.2579575564914738
8.572130952207036 -1.3770828238646626
8.372607793742459 -2.120267084650456
8.323921711418887 -3.394640913930896
8.36873318585193 -1.9069375864441682
8.262715554634728 -1.718430435105688
8.590677221740924 -1.3748431845902758
8.936596609062805 -1.2184330026857326
8.633732965277385 -2.164205777267824
8.381859426423848 -2.9859920879888433
8.35203315300146 -1.6186158376579822
9.128529748719252 -1.9763565507471283
9.103042505713292 -1.92192434844711
8.521020678860186 -2.433633031593006
8.338027360151726 -1.6332769181856726
8.413675932317313 -1.2467915251159292
8.548231850801157 -2.7722020432725007
8.702767813784885 -2.2056495583768814
8.423247479898425 -2.0350424698814407
8.38376512512512 -1.7359127226223574
8.438537280478767 -2.5217288105240896
8.901734376078505 -1.7963213062786119
9.270729119971238 -2.1694687200258587
8.839739510866698 -2.2501464063804195
8.527116359160647 -1.5960658828391923
8.299056027374496 -2.4348824242543134
8.306887912639585 -2.19550855501682
8.507996621628939 -1.8152357804201815
8.953639350948958 -1.5097852981074784
8.899726636376931 -2.2371524458371246
8.621693389367303 -1.4561892062409008
8.251691154860263 -1.9228161552780298
8.279030992190462 -2.2641969544391927
8.35581072715614 -1.7939094564631353
8.66894463691746 -1.1554317475708988
8.737520457882189 -0.8358481351056684
8.476337877988481 -1.501665535295162
8.204683443879185 -2.2712346631984097
8.289401964704615 -2.816663408097149
8.339762326059661 -2.767533340427676
8.451768592072987 -1.0122060769150816
8.433691707646739 -1.1820392386990612
8.233826445477893 -2.62459410705856
7.037471734557489 -20.0
7.429985758150876 -20.0
7.3684414712476105 -20.0
7.427799798795039 -20.0
7.47902010805528 -20.0
7.546498701534433 -20.0
7.5641224846713895 -1.902650924264274
7.519798081265732 -2.410529714151891
7.3734631223209455 -20.0
7.225543257000554 -20.0
7.439113992409445 -20.0
7.581316440687605 -4.376484154721372
7.717137201016514 -2.563280964290045
7.780956880858074 -3.697933621965356
7.823157791954379 -2.3133077802338335
7.869383017553528 -2.688290896862526
7.8236286208596 -1.4020300504942491
7.763381565296186 -2.2992241299368277
7.574223514200034 -20.0
7.173701016326456 -2.709747197823764
7.578054146059775 -3.0420271635087914
7.666431620009672 -20.0
7.814175874387787 -2.792180304020064
8.010370686186162 -2.3590464840468437
8.100264739773584 -1.2163025285632063
8.171365314780061 -1.3370896804372197
8.118512302033448 -1.6525716392846577
8.102122511067904 -1.7872492638139685
8.001421389813197 -1.4530034641152454
7.89518388801574 -2.6841983692914955
7.243123516948277 -20.0
7.464748262804655 -2.678620784914546
7.677947696213862 -2.400805112723572
7.9067425284525745 -1.6104364068051522
8.039166054791407 -2.0983424187533313
8.22976994147949 -1.5117549895417244
8.397924270366259 -1.1546830472661793
8.392069852342132 -2.3082526830273884
8.277064479969122 -1.8355840002840107
8.115027658710881 -2.3198706453486713
8.007854944940865 -1.5630599402959433
7.929456326232478 -1.7869953911439187
7.353473859350563 -2.0310441107500212
7.685841298755197 -1.5781446797585632
7.873492409584732 -1.8778628354634614
8.064908341774343 -1.4650931080844116
8.31896026144592 -1.3159866619068379
8.542909225873103 -1.5227338103735937
8.664090950119189 -1.4331147646422815
8.616428124027172 -1.3045472225807815
8.404251318764594 -1.3804762935551538
8.165319623618771 -2.0327182365403456
7.870095924857499 -20.0
7.437066129680121 -3.456840726115599
7.652368043234604 -1.685956003146817
7.919698886221808 -1.3347975367790976
8.143029507263542 -1.9321428487121752
8.458738417552551 -1.2299035686543747
8.759856991787577 -1.4461350383122111
9.180177008744556 -1.1419579675235785
9.22685454864119 -0.9717169266320826
8.734327096645659 -1.2647246176261682
8.284055400420248 -1.3260903332302953
7.934804548932173 -2.7190751427611795
7.532138415000388 -1.9347394213611757
7.702660061944082 -2.022468101395696
7.923986333267768 -2.0210936245053115
8.150141564723693 -1.63498986596797
8.481812298797065 -1.1418188992737408
8.792635749939603 -1.1907126226791673
9.257723969929101 -1.0167855892914643
9.202367649562841 -1.2185519465169583
8.672599421391888 -1.2528003310814684
8.246111295260809 -1.3208077093495028
7.893817043204317 -2.540551946954234
7.772296822922266 -1.1168227297347426
7.697543018985331 -1.7924878052971844
7.81862794520791 -2.2304549896217885
8.119596892872655 -1.6820390637925027
8.366142855677198 -1.632888304283566
8.58334643997418 -1.6231305614130422
8.711875027395369 -1.8571973416357042
8.672183129230843 -1.4954471136194232
8.482215712170811 -1.4857681447207507
8.161094222741019 -1.595467887536071
7.8591510572596315 -2.7130648604851535
7.527604416342391 -2.070793301666476
7.65224291121906 -1.9480411183603432
7.736521583458624 -1.6064708782895187
7.979681052105859 -1.625538795897554
8.270660473761087 -1.5020135648317032
8.41610425688073 -1.754764089037764
8.497245542642233 -1.5656788158573796
8.451243953120722 -1.5940743386791512
8.268867532094712 -1.9720966469658086
8.011830119204179 -2.9741203315458913
7.803443171794161 -2.6299264556501347
7.62832179701197 -2.3348105092666254
7.675093136256568 -1.7665061545891678
7.8480951631240705 -1.4657624331652885
8.098116838701506 -1.1799534344237719
8.16462214669419 -1.458978205463098
8.166004411931796 -1.7780561261392673
8.112448437001586 -2.1976161356621193
8.007036996146132 -1.9419943852553139
7.848737831998772 -2.478729905728431
7.6163205022969285 -4.092583017821388
7.468923649209583 -2.417141735967189
7.524243944562438 -2.517417458121004
7.591508087045272 -2.4247695493348744
7.670444505358249 -2.766337551541842
7.799364221723381 -3.0450950852922114
7.8992229402991985 -1.9313814561577587
7.989556977994383 -2.526112818225879
7.9714000022524125 -1.7074788861681536
7.839276501247045 -2.1271967336649826
7.638085934488508 -2.3331015706480547
7.399547451669825 -20.0
7.344827846457193 -2.6106811547026263
7.409033670546434 -2.237743722188691
7.472899870958335 -3.0047130585675603
7.579819685119569 -3.104008886894569
7.684293599072646 -2.1867393751519613
7.73373261995672 -2.2900597092184696
7.731613546656634 -2.4203628397705237
7.620661056223548 -2.2472972065678256
7.474523068597156 -2.6591896856452477
7.529792582041595 -2.5454522616784505
7.527442783347759 -2.21969527771382
7.233181609797763 -2.1891827737986804
7.312109367748075 -2.5553887562910367
7.465614862873621 -20.0
7.587585266470534 -20.0
7.592724442046597 -20.0
7.609444092075591 -20.0
7.673621644496658 -3.040912946348078
7.835087459233336 -3.1354419444283286
8.00419078719362 -1.8349630396828631
8.096652526730573 -2.4992690430759015
8.045403470709367 -2.4151907702063413
7.961919132466446 -2.064338315473364
7.851400449206545 -3.9295023373815856
7.6514573533742185 -20.0
7.561602438616745 -20.0
7.661988693113036 -20.0
7.700814943745586 -20.0
7.7277377297593945 -20.0
7.805005480451193 -2.3758138665766877
7.913310870851069 -2.2996986417239373
8.23367305656842 -1.780247817940727
8.34643962296616 -1.2486084212194581
8.265686511549363 -2.295350989318097
8.147887554572616 -2.111489311354143
8.063203458318528 -2.4013887704375616
7.968564324731258 -2.9796280909690855
7.8778091184467405 -3.0003760842194254
7.681545851964557 -20.0
7.535261081683003 -20.0
7.790616395382064 -20.0
7.783162204248962 -20.0
7.846972659818918 -2.8810269281150207
8.00646856288134 -4.803505595324357
8.265258753187071 -2.1443902972201454
8.440653759655104 -1.1640887037105434
8.409799021549846 -1.2532105235464965
8.339153937339066 -2.161237074633827
8.25867958741233 -1.77795263550173
8.19195724052661 -2.0670028327357586
8.017348772837234 -2.2821610555144707
7.914179054753301 -2.0755132155362706
7.77869764975745 -20.0
7.618620138646722 -20.0
7.786249081902707 -20.0
7.817554068671438 -3.6426602654038147
7.968201963781333 -2.424335752266082
8.261156816671006 -2.4369435098096006
8.368478979734125 -1.098487871094718
8.517801249959843 -1.5494605417662832
8.583527365347464 -1.0064110414126017
8.697766303802258 -0.873736811916293
8.6489541789551 -0.61666056402014
8.49440984084424 -0.9542906042889671
8.245911409722355 -1.3698314809522174
8.02044794177784 -1.62467114472734
7.896038114831698 -2.4446012143536455
7.729727257580677 -2.5901959428909413
7.827025247869987 -20.0
7.923709907463094 -2.8875934693652416
8.143650201859348 -2.550943979950718
8.318588964734884 -1.32310376044858
8.412854827385644 -1.38333136926668
8.576819596566676 -1.1274899204573887
8.783508487019688 -1.320805842628119
8.847194775986432 -1.7298193353962772
8.736302791192072 -1.9323446873427423
8.597776879070256 -1.5864146794909328
8.374648902122356 -1.3000855280376604
8.047761145772977 -1.6945516548298487
7.789848274567564 -20.0
7.694448853673124 -3.2958835157265614
7.907184895451857 -2.38881953732135
8.017164078295252 -1.873977732486613
8.255650142944383 -1.8395227265183043
8.427581940663753 -1.511203520211655
8.43236716531588 -2.109932016215845
8.628150415213476 -1.87648266251873
8.964332250047548 -1.6477747825063838
9.008777434393764 -2.576915979626455
8.720916039576293 -2.5882719845470628
8.489025716639828 -2.251620487342245
8.387601075989561 -1.8446524401210878
8.071886878272036 -1.7743196415025517
7.564580368721994 -20.0
8.027635648213584 -1.9146833993604688
8.073487931169593 -1.908737349752353
8.267821308593719 -1.479748310711874
8.442044237144474 -1.4184519596887941
8.455915090818332 -2.147167358690312
8.759782359039798 -1.5031863871786801
9.420896651369493 -1.2243272415690793
9.403898602851434 -1.1861698707840853
8.791220241609286 -2.0841785880668087
8.423729608733508 -2.1688972815143748
8.362508710066074 -2.0165852994700195
8.199656382514046 -1.7288510420977075
7.877800669120723 -2.1766807091418126
7.528198371427902 -20.0
8.106836609575181 -2.2803419290417106
8.168511138279776 -1.604646447424001
8.26101884667477 -1.7377793539006416
8.433478755241959 -0.9833303954823964
8.501214331631877 -2.312839799288972
8.762093571334155 -1.9290170262990214
9.530775550385686 -1.2301560739529362
9.503365419792784 -1.084915585265065
8.780849157988353 -2.2920932655823822
8.386760086413682 -2.5542089175756333
8.277242419090083 -2.5551172576076056
8.161604917242734 -2.1316333763218505
7.9637770961705385 -1.8090493282887465
7.5994718725484915 -2.070988598775634
8.13665917041355 -1.9089800846278606
8.200344322709071 -1.8717120688847002
8.22290743771103 -1.2159226598592743
8.381389164509754 -1.3537456927052272
8.572438383231363 -1.5451072160250494
8.679066445974188 -2.1124279678379794
8.988285919669506 -2.3298963005987727
9.00289314625991 -2.239360533559556
8.682968478114944 -1.891314825087505
8.343458974408474 -1.780886075356329
8.194680084907544 -2.7870896524132105
8.045354651609383 -2.0312909658335987
7.991496970418871 -1.6943571842061491
7.766375327049673 -1.405357920558962
8.178097936728037 -1.5354901213814987
8.3074075357965 -2.6393357650437332
8.298668353171415 -1.9766797240304823
8.392166832348007 -1.9271373313690627
8.608319011738386 -1.764133777608976
8.75929079020409 -1.5554804352907627
8.878865343436118 -1.3825932592093289
8.826725734359398 -1.3601447423935868
8.599081378423538 -1.2723273616301034
8.372171318909382 -2.0876991339104682
8.154294740909316 -3.991105110090376
8.069500921452482 -2.686828022582201
8.010972885415907 -2.2602680196189637
8.011599709600889 -1.5872536676492253
8.018904709878479 -20.0
8.261178998481833 -3.086699846685615
8.307176497115012 -1.4673866341526494
8.388839264944716 -1.3036474880990703
8.672731100078787 -1.3278821722531085
8.72383811528263 -1.2158726616902331
8.594662295295173 -1.0280685825104943
8.442834581881153 -1.2713373103237016
8.26642461192479 -2.4150300880430837
8.09845296847433 -2.3163535496370624
8.06205653165849 -2.916613336127895
8.089220597379311 -2.6299263290929566
8.165520215169405 -2.3325082955004657
7.898783974238254 -2.3930125539439313
8.067197529886597 -2.235821490729828
8.246971352077741 -1.803099309224586
8.387652526536904 -1.9975802446520816
8.467889279462922 -1.3204037554698727
8.541932631596747 -0.9651532630964571
8.492886908412691 -1.6872915569021836
8.431026153489922 -1.169001382633841
8.214138195517418 -1.23693053617985
8.089043137103637 -2.3827585751627454
7.966004371961073 -2.377765783357538
7.930371475154116 -2.594719554565682
7.998011548222008 -2.5766780689763937
8.138239697088444 -2.3977269797295455
7.67653252400705 -2.735363778485178
7.835349777923867 -2.716469161419564
7.9624353554088145 -2.134468295454233
8.212912365893343 -1.4417814164084757
8.276780687589238 -1.0665137724009628
8.197452394976423 -1.8655734179440102
7.901821819510387 -1.7990093717666231
7.859674085187379 -2.1438590702674936
7.842294322752559 -2.042660017575833
7.832377252543225 -2.4053398476626944
7.896726998523978 -4.192182911577708
8.0522141962658 -2.5104272339717073
7.519023060274642 -20.0
7.624196177117733 -20.0
7.753010567965588 -2.4237778584499425
7.897138027176192 -2.599500785148145
7.917031707034683 -1.5964483523750452
8.01839032195137 -1.60846269163102
7.890036199350725 -2.004827848497665
7.7992517751422294 -1.8414781205797282
7.767065878840226 -1.9992383609087918
7.842814773719698 -3.0353532928670885
7.886019993632389 -20.0
7.8441467408917465 -20.0
7.89461530886173 -2.7918937660423224
7.927687364159963 -2.565059461266396
7.561071848607363 -20.0
7.831628094542354 -3.0142108807083647
7.902337271242354 -2.4025672209424673
8.042521753418765 -2.128197777850947
8.067873896046006 -2.0378441803150267
8.217220108613715 -1.5417638769838546
8.193774307680277 -1.6199230312854265
8.185991894738905 -2.1523886333107844
8.13666095068288 -2.531101569862151
8.04224706391161 -4.274046528650209
7.864000730693531 -20.0
7.749592488795621 -20.0
7.725621836152657 -20.0
7.722430092880716 -20.0
7.871674388082286 -2.8141772770011384
7.984013845623868 -2.2448137742284024
8.025005816237869 -1.9534999923521428
8.139456938140945 -2.368137874668996
8.250347733575556 -1.8506327611361693
8.261716746081234 -1.5675859701547674
8.285183449098554 -1.3844843650688539
8.276386712615103 -1.3010600041193534
8.181470561149615 -1.9554786466050074
8.048673145455224 -2.4097877527257774
7.90005031230119 -2.9241330959744127
7.791807370279296 -20.0
7.760931946505513 -3.4278046597205147
7.970267695378821 -2.338345190134709
8.048070730622351 -3.064490125564937
8.059917302351346 -3.099458089252572
8.135022659065307 -3.4530234075023944
8.155746763717389 -3.0543721850812857
8.22134458393385 -3.1530976443723184
8.284599797556806 -3.07570911354772
8.279538451282145 -2.7679412312202896
8.2765116846706 -2.1137564056117077
8.201830980626879 -1.90499260749532
8.072133492805992 -2.6867886071065916
7.908030205406048 -2.6305526299667483
7.867763453677992 -3.2855255894861415
8.010795785012553 -3.2495812105064017
8.013962856161713 -3.0781018365063555
8.065127275371395 -3.2113072680950494
8.103604790449769 -1.975084468007264
8.30058832940418 -1.9947663326101215
8.33328692568497 -2.6557994595108974
8.40451068934287 -2.760239162191125
8.408400731492353 -3.1790928370471017
8.340083072199956 -2.501030564437298
8.266170864496567 -1.8641358505645176
8.063737294837123 -2.6087116878619345
8.051189720142194 -2.7572413913603215
8.096531784781456 -3.01917025884224
8.173069501145731 -1.5349654718927193
8.362031246366083 -1.206738639655929
8.49300595980072 -2.0698204732905356
8.521019593523073 -2.642627879594543
8.653775461502686 -2.583489772216556
8.698849585188533 -2.32334664463557
8.565531664459836 -2.3223936496898094
8.432954805693937 -3.2953160495562805
8.374192552407736 -2.5742856811327535
8.289144667559063 -1.5328800279043864
7.912371100712359 -20.0
8.12586179344506 -4.3392087078780746
8.215860906752006 -2.1917994037742456
8.383449245353587 -1.816388147779771
8.50573299590123 -1.6082373750515861
8.551860286918068 -2.187257052849296
8.647776701180613 -2.170516961374461
8.937103515961768 -2.2862016612625644
9.113017975534722 -0.8854833927558606
8.865678173286515 -2.0764870181009245
8.590890884647559 -2.806254251180685
8.433978235312797 -2.6395125866216196
8.390299658679588 -1.62346047769233
8.091273642291549 -2.1013315173512006
7.961315029371506 -20.0
7.847119903247456 -20.0
7.757658329493804 -2.617547911752344
8.031006110088176 -20.0
8.12070581648402 -3.099764576876177
8.19464318801603 -1.701701586385109
8.397227741890948 -1.855115606170255
8.458781488891205 -2.110114529705313
8.489509945277783 -2.3925263675447668
8.661197130114374 -2.666839002004752
8.995216244520877 -1.663719985857913
9.68588299849006 -0.6486046626027644
9.074545634703865 -1.329054987463132
8.685146208592277 -3.1184404412592834
8.543775848176146 -2.424127414352485
8.441946510004621 -1.6208940310768158
8.117270018245403 -2.0033908225205304
8.021371396778298 -2.7039456083764217
7.835474299994759 -2.0747774269752575
8.08627540126908 -20.0
8.04897820680515 -20.0
8.125430702491297 -2.521943099228164
8.318593489643913 -1.9089602903072267
8.370737912531522 -1.6897436178942278
8.417178757063503 -2.217874221547627
8.552731860288173 -2.773935568772321
8.746657183172077 -2.3919152050245662
8.942439930839967 -1.5105315803187152
8.857063970605255 -1.6247263625110482
8.641974206180908 -1.973074909937659
8.513941184945985 -1.6672380301817902
8.414791670339504 -1.3698091785800943
8.118724680136712 -2.0463358451749882
8.08234509339875 -2.3391488292859592
8.096068727583525 -3.2381927685579304
7.9387304570093065 -1.5249123064086914
7.944734529912368 -3.6336752013994493
7.940156086777714 -3.0329052999560835
7.988581216759883 -2.2917663499398495
8.109939655786803 -2.5893639262813335
8.17829706273427 -2.3877995191189867
8.324489245403553 -2.1433032152307567
8.422155091431936 -2.569833481833964
8.519996393394004 -2.2849982226471024
8.591766582497696 -2.8146087490682246
8.539912650116921 -2.630362339989421
8.448925599259073 -2.4843911354457475
8.402893529723487 -1.9043042226918856
8.288588981622404 -1.8106654624439296
8.136261230119153 -2.2576734212191436
8.128954631311712 -2.355215388823115
8.129700965689086 -1.8172205118138511
7.889669295876891 -1.4464960924037682
7.8116485836588865 -3.492832424103239
7.901851686485843 -20.0
7.892136965622063 -2.545953110659281
7.9021462504974185 -3.902972092699004
7.884194431618388 -3.003112102193805
8.035544691831282 -2.279893982578983
8.172573639633057 -4.051919836579145
8.271636852303812 -2.08582389133649
8.404652514023573 -2.155559832791146
8.433014615603735 -2.307998775339867
8.347082308574699 -2.0378230785715616
8.290792334237958 -2.366097723508511
8.255118241806798 -2.295855862453903
8.219883528664518 -2.805353834702472
8.178150483904428 -3.118893147278096
8.178640519556831 -2.009485693591364
8.119388373924686 -1.7993328330421474
7.850711907641678 -2.2825073612435713
7.677120558642602 -20.0
7.84164134051988 -2.5770730055976947
7.819506128377251 -2.4346265638318303
7.837269668114547 -4.379211056734448
7.8037878098778855 -3.14468608111045
7.870284793642229 -2.7509744632712922
8.02512937387971 -3.6840510309369825
8.118737989879076 -2.8465537364379427
8.269673771680173 -2.439016022817892
8.320783575017801 -2.1418809889525843
8.27067752099791 -2.2853902928936787
8.286191907013535 -2.227475769213981
8.235265934156462 -3.0711960655788473
8.229230158174156 -2.9146079488257497
8.194456929032182 -1.8859417372112006
8.166831912297445 -1.7217413251298233
7.994956685345316 -1.9516688199990433
7.753685021929604 -2.627823050633444
7.641547943476148 -2.613050558806293
7.690397617408127 -2.4932759088281737
7.7446223963068626 -2.6633757154464597
7.7231000789810365 -4.36335082966676
7.750787263329555 -3.0691395094324125
7.897023905413931 -3.192534835080015
7.98713486229908 -20.0
8.06373357550031 -3.011373192157424
8.15742882880842 -2.110531601748249
8.18757615232136 -1.899779896831247
8.16742494591337 -2.3348082335793063
8.170729138806145 -2.342058333738964
8.163328612864959 -2.0371417897939534
8.122073071120855 -1.6845850632440753
7.955461311113531 -1.88425362215275
7.810949209634072 -2.6561985527923397
7.616096602060852 -2.764130854640269
7.457824674182934 -20.0
7.613563869804116 -20.0
7.613744226018321 -2.0803968415776244
7.618731931190304 -2.2845356541225743
7.596251629255932 -3.2042147836100288
7.651444061119704 -3.2308533170786986
7.784173596753552 -20.0
7.856604644694891 -3.4884284958146137
7.903350542576856 -2.8780438284706316
8.004640917153592 -3.331018070147736
8.016706905026613 -2.488933628102627
8.007536305846486 -2.89185559206466
7.966937134481013 -2.360789620178266
8.003553950497018 -2.8382279448488656
7.91466544011964 -4.069765189445609
7.580697332118834 -1.9642594612938196
7.54818585139741 -3.384263475073708
7.470739527906772 -20.0
7.593476160006517 -1.9087504872795995
7.569253658663811 -2.2315230856808244
7.518278259800714 -20.0
7.429851119337547 -20.0
7.55112613915905 -2.056737403611067
7.68138229620599 -20.0
7.824622360286829 -2.7419896992165684
7.900181717181282 -2.177114067215679
7.938121718117928 -2.393809615598607
7.931813528824414 -2.2917946636298305
7.793941047489854 -3.1989401307938956
7.771553818784573 -2.68637057525541
7.751368361033017 -2.777018385219273
7.650644870112556 -20.0
7.796632902081364 -20.0
7.925743040156743 -2.6609104260099805
8.055388008087961 -1.4172850980176965
8.099778718222053 -1.406107706036742
8.00919321052903 -2.6022380428588288
7.943798013893606 -20.0
7.8912139158185015 -2.423413446843522
7.929001318673814 -2.027673874006205
7.795021042037455 -2.719360409279798
7.869856675128041 -2.5344073627242
7.944532043857712 -2.263458653530296
7.962228282438414 -2.9691724245556563
8.014549796366445 -3.0094331264034437
7.973869939160243 -3.281595179031339
7.920340072038317 -2.2591457469562255
7.90329456409366 -3.302534783200047
8.029412341818915 -1.7667555113633462
8.079538120701637 -2.3180480308378937
8.148736071944656 -2.2630626174118533
8.172339705747543 -2.652060741520264
8.122480028175683 -3.2534225103024226
8.075830774375314 -3.2703815407519383
8.0600001836185 -20.0
8.051071809026997 -2.1919560935477005
7.891307897528642 -2.2249232619219077
8.06809045716529 -1.897858723242905
8.170340827488376 -1.8602649552122978
8.21989451698481 -2.21939698612833
8.262477816990572 -2.563251798455555
8.285769133613478 -1.7461768922386336
8.12812998564553 -2.9674620114709214
7.963479505076468 -2.936468304635421
7.962415143736303 -20.0
8.002917445382595 -2.182680373902057
8.136314359619249 -1.8831894871423487
8.096667216313808 -3.463041554937046
8.132364827696978 -20.0
8.254930434949829 -20.0
8.396600250164006 -2.477228320517899
8.379330544737876 -1.9258688206998187
8.00703612815893 -3.259460201812166
7.992109450016935 -3.3921284538780307
8.124079190565615 -1.8906183733934896
8.127860598407262 -3.366556114681974
8.052775230116719 -2.9606447486155387
8.211597082105852 -20.0
8.460424011756084 -20.0
8.536672493488014 -20.0
8.436832509708823 -2.2194055879192565
8.142433491497458 -2.4027555466692574
8.065008200866222 -20.0
8.102331436377947 -20.0
8.454938456342164 -20.0
8.97836568685225 -1.6700715039255836
8.715284201602438 -2.4862728675817056
8.327848816375434 -2.0301760045782107
8.07489260557567 -3.2652684308319366
8.058656400401938 -2.7464905757294025
8.140365413673347 -2.349878293945342
8.063013718841233 -3.001398927294029
8.288654020395814 -20.0
8.659834258278476 -2.8968813672928553
9.144818144012255 -1.1546285739670645
8.591469179509769 -2.9481779033187037
8.186932881235107 -3.604352362118445
8.05629143360487 -2.8007942765891833
8.038915574506104 -2.4566337007450523
8.142084798872386 -3.250891629592182
8.092612921457443 -2.928508833825042
8.478593334215946 -2.5325177343255154
8.583282638185812 -2.6271415153567452
8.537467769031325 -3.183007607941182
8.275524280106971 -20.0
8.087689111254063 -20.0
8.060640877658182 -2.8397407681978937
8.109431861000575 -2.667393566284966
8.086383990240105 -3.478537812295952
8.109151512362372 -3.238504733997938
8.485429653240253 -1.9849196887734772
8.453777080861427 -3.5114823649040274
8.25929237907101 -20.0
8.135912347629715 -20.0
8.139185664871464 -3.5760677928192477
8.15236640872631 -2.814323595313639
8.16472773064723 -1.4865401903133317
7.994597100740123 -20.0
8.237663720550994 -3.0371544387236815
8.403964728068832 -2.015493362757591
8.340118069304795 -1.8633359719400842
8.228189614428915 -2.984294740163352
8.211008914947222 -2.1537222185444054
8.140614848849777 -1.540424312203471
7.984640253317302 -1.6265384672962742
7.915082926163025 -2.756467989504507
7.859167838346489 -20.0
7.930198279623845 -20.0
8.189669995268465 -2.4543779745115506
8.2305742768951 -2.113244752630307
8.058233109619117 -2.4384900078159273
7.917173564238041 -1.9207952486551814
7.784081865106856 -2.159822983687007
7.521244390222834 -20.0
7.616497787259846 -2.0436590207017673
7.347791281377292 -20.0
7.872077875696971 -2.9191330532284225
8.10654386975401 -1.977958424418032
8.042373562777511 -2.0339875788840978
8.060853365566626 -2.5315715134234553
8.30887901011732 -2.5632359719835476
7.8639763461334145 -2.195298065675654
8.13806915825112 -2.723243894601751
8.184584300041427 -2.2949513470237326
7.850590350492714 -2.6262041677515384
7.328300748039995 -20.0
7.18251266729057 -20.0
7.398588449315143 -20.0
6.590511734378512 -20.0
7.174740222116019 -20.0
7.464399308490879 -3.820924537847316
7.4060617464689855 -20.0
7.447079277402809 -20.0
7.14860802538355 -20.0
7.436450598610413 -20.0
7.473956326054765 -20.0
7.572378795616446 -3.132673886106657
7.5699881573755885 -2.2228476265807213
7.58743424452473 -2.1178120093555637
7.373187281437994 -20.0
7.546807065100104 -3.6056886790495315
7.6926132505700995 -2.925597345778819
7.806769643172024 -3.1094662276088987
7.82435215902829 -1.8060929096828882
7.775385940449104 -1.6991686259265095
7.706201172285858 -4.168880557066867
7.8482019291495195 -3.414543575080192
8.063896620292313 -2.6041489443853663
8.060266337992541 -2.4914498715303113
7.950867003814236 -2.730573726778914
7.812696737712281 -3.273997706654322
8.061438658712305 -2.5544761385688566
8.258195760200723 -2.3609321008191015
8.1313620413094 -3.354792053832146
7.983714103246927 -2.9967856840888936
7.47528452300038 -20.0
7.786663198391553 -20.0
8.122691097092126 -1.881402432330825
8.344982132040457 -2.337990112134989
8.137152367264113 -20.0
7.953540503246244 -2.786840750152629
7.834786837044237 -20.0
7.754002690527548 -2.7077522586676945
8.073344838198599 -1.8115353116776975
8.47730819093498 -2.384864067217711
8.50068569270789 -2.629720175203224
8.086162549255556 -3.1325262243844665
7.941099197496687 -20.0
7.6876774946146345 -20.0
7.961289408163399 -2.8217474070999033
8.444877220520857 -2.2982321350862223
9.014796166848665 -0.7676032916396783
8.352683164110726 -2.416682292321637
7.934501752151468 -20.0
7.683585099104413 -20.0
7.892060907166664 -3.3897863705305635
8.196588559187882 -2.8433369459036935
8.634830504211358 -2.4585802097499894
8.484224549906902 -2.3264541644854817
8.028141855643668 -2.352063362686964
7.772016626743948 -20.0
7.985342592565577 -3.074113290086427
8.232900215926843 -2.8701728450335895
8.39050926692936 -2.2507349592309067
8.164653739236604 -1.7921661640829907
7.8092717681062425 -1.9574425656383694
7.783902642581455 -20.0
7.901682740365128 -2.5712064065245355
8.032614921076487 -3.0946146621191883
8.245588618620818 -2.575771664872615
8.209977739550077 -1.2997549199223044
7.8669486513271 -1.983449170758759
7.865763794781085 -3.4302739534763638
7.987607827716995 -2.711756841276987
8.148052983876442 -1.7238408574057225
8.124912985269724 -1.4882544240157407
7.7806721665970695 -1.8562902232893854
7.704696746801692 -2.902017687329699
7.893776688476716 -3.1156651388551713
7.941959385802919 -2.987421856258993
7.945468701515779 -1.9051805616543738
7.660614350257907 -3.2662057088428784
7.281842914655026 -20.0
7.696111228282845 -20.0
7.790066184002755 -20.0
7.778654876716933 -2.7152225827502616
7.731411805710174 -3.0567057168704785
7.397852832707209 -20.0
7.159086034216551 -20.0
7.722469094713401 -2.6132051253525193
7.727257555392759 -20.0
7.67148080994842 -2.9253471368393207
7.482428385260841 -20.0
7.5203968418913565 -20.0
7.5591375856266785 -20.0
7.703360293213583 -20.0
7.741995882855502 -2.5402180442275912
7.758189754746616 -2.621703480043195
7.846010067375564 -20.0
8.088930792772816 -20.0
8.123060804864691 -20.0
7.834099934341487 -2.4262746637811854
7.670997901657256 -2.783286300856338
7.879753818694836 -20.0
8.299011578843407 -20.0
8.468544114916563 -2.6012065916778067
7.922979274083559 -2.5520639937654415
7.66352829993553 -20.0
7.78885777562011 -2.6186191188591823
7.982121915960624 -20.0
7.807654745761339 -20.0
7.637248595429014 -2.514848563574891
7.4618797978233555 -20.0
7.513343805243956 -20.0
7.665799297747021 -20.0
7.716337202351008 -2.4770860534063077
7.558543577420728 -20.0
7.2941227092849585 -20.0
7.329946075160334 -20.0
7.455413221841812 -20.0
7.46655506282193 -20.0
