# log Mstar(+10) err_d err_up SNIaR per Mstar err_d x2 err_up x 2
-3.5    -3.75   -3.25   9.22    1.79    39.04
-3.0    -3.25   -2.75   0.0     0.0     124.2
-2.5    -2.75   -2.25   6.40    2.83    13.58
-2.0    -2.25   -1.75   20.09   14.39   27.95
-1.5    -1.75   -1.25   14.05   11.00   17.92
-1.0    -1.25   -0.75   6.11    4.93    7.57
-0.5    -0.75   -0.25   1.59    1.26    1.996
0.0     -0.25   0.25    1.0     1.0     1.0
0.5     0.25    0.75    0.767   0.639   0.922
1.0     0.75    1.25    0.641   0.532   0.771
1.5     1.25    1.75    0.166   0.127   0.218
2.0     1.75    2.25    0.0     0.0     1.268
