# log Mstar(+10) err_d err_up SNIaR per Mstar err_d x2 err_up x 2
-3.5    -3.75   -3.25   0.0     0.0     525.707032921 
-3.0    -3.25   -2.75   0.0     0.0     290.522846175
-2.5    -2.75   -2.25   25.27   10.7    56.19
-2.0    -2.25   -1.75   15.06   7.88    28.07
-1.5    -1.75   -1.25   14.64   9.43    22.64
-1.0    -1.25   -0.75   2.70    1.56    4.61
-0.5    -0.75   -0.25   1.43    0.894   2.28
0.0     -0.25   0.25    1.0     1.0     1.0
0.5     0.25    0.75    0.486   0.338   0.699
1.0     0.75    1.25    0.361   0.255   0.5119
1.5     1.25    1.75    0.167   0.102   0.271
2.0     1.75    2.25    0.0     0.0     2.96
