# Values from Table 2 of Gonzales et al 2013
# using h=0.702
# M500 [1e14 Msun], M500er [1e14 Msun], fstar, fstar_err, fbar, fbar_err
2.259999999999999787e+00 1.900000000000000022e-01 2.400000000000000050e-02 2.000000000000000042e-03 1.120000000000000023e-01 1.200000000000000025e-02
5.150000000000000355e+00 4.199999999999999845e-01 1.299999999999999940e-02 1.000000000000000021e-03 1.429999999999999882e-01 1.200000000000000025e-02
9.499999999999999556e-01 1.000000000000000056e-01 2.800000000000000058e-02 3.000000000000000062e-03 1.179999999999999938e-01 1.400000000000000029e-02
3.459999999999999964e+00 3.200000000000000067e-01 1.700000000000000122e-02 2.000000000000000042e-03 1.429999999999999882e-01 2.000000000000000042e-02
3.589999999999999858e+00 2.800000000000000266e-01 1.299999999999999940e-02 2.000000000000000042e-03 1.380000000000000115e-01 1.099999999999999936e-02
9.899999999999999911e-01 1.100000000000000006e-01 2.999999999999999889e-02 4.000000000000000083e-03 9.700000000000000289e-02 1.099999999999999936e-02
9.499999999999999556e-01 1.000000000000000056e-01 4.100000000000000172e-02 5.000000000000000104e-03 1.519999999999999962e-01 1.499999999999999944e-02
3.229999999999999982e+00 1.900000000000000022e-01 2.199999999999999872e-02 2.000000000000000042e-03 1.549999999999999989e-01 8.999999999999999320e-03
2.259999999999999787e+00 2.300000000000000100e-01 2.299999999999999961e-02 3.000000000000000062e-03 1.330000000000000071e-01 1.299999999999999940e-02
2.410000000000000142e+00 1.799999999999999933e-01 2.299999999999999961e-02 3.000000000000000062e-03 1.429999999999999882e-01 1.000000000000000021e-02
2.370000000000000107e+00 2.399999999999999911e-01 2.199999999999999872e-02 3.000000000000000062e-03 1.100000000000000006e-01 1.099999999999999936e-02
1.449999999999999956e+00 2.099999999999999922e-01 2.000000000000000042e-02 3.000000000000000062e-03 9.500000000000000111e-02 1.299999999999999940e-02
