# Data from table 1 of Zhang et al (2011)
# h=0.7
# M500 [1e14 Msun], M500er [1e14 Msun], fstar, fstar_err, Mgas [1e13 Msun], Mgaser [1e13 Msun]
6.370000000000000107e+00 1.000000000000000000e+00 1.149999999999999981e-02 1.199999999999999895e-03 8.130000000000000782e+00 3.800000000000000044e-01
1.830000000000000071e+00 3.900000000000000133e-01 2.400000000000000050e-02 3.899999999999999821e-03 1.360000000000000098e+00 5.000000000000000278e-02
1.909999999999999920e+00 5.799999999999999600e-01 2.390000000000000110e-02 3.899999999999999821e-03 1.449999999999999956e+00 2.600000000000000089e-01
1.760000000000000009e+00 2.700000000000000178e-01 2.469999999999999973e-02 2.799999999999999972e-03 2.069999999999999840e+00 7.000000000000000666e-02
5.000000000000000000e-01 1.400000000000000133e-01 2.330000000000000127e-02 4.000000000000000083e-03 4.699999999999999734e-01 2.000000000000000042e-02
4.929999999999999716e+00 9.799999999999999822e-01 1.430000000000000021e-02 1.699999999999999905e-03 6.099999999999999645e+00 2.899999999999999800e-01
3.439999999999999947e+00 6.600000000000000311e-01 2.170000000000000054e-02 2.599999999999999881e-03 5.089999999999999858e+00 7.299999999999999822e-01
6.549999999999999822e+00 7.900000000000000355e-01 2.009999999999999981e-02 1.799999999999999951e-03 8.419999999999999929e+00 6.300000000000000044e-01
3.410000000000000142e+00 6.300000000000000044e-01 1.820000000000000090e-02 2.200000000000000133e-03 5.110000000000000320e+00 1.400000000000000133e-01
6.199999999999999956e-01 1.199999999999999956e-01 2.589999999999999941e-02 3.099999999999999891e-03 8.000000000000000444e-01 1.199999999999999956e-01
1.469999999999999929e+01 2.609999999999999876e+00 6.499999999999999702e-03 6.999999999999999929e-04 1.334999999999999964e+01 5.300000000000000266e-01
1.389999999999999902e+00 2.800000000000000266e-01 2.539999999999999897e-02 3.000000000000000062e-03 1.860000000000000098e+00 1.000000000000000056e-01
1.449999999999999956e+00 3.400000000000000244e-01 2.680000000000000090e-02 3.500000000000000073e-03 2.129999999999999893e+00 8.999999999999999667e-02
1.117999999999999972e+01 1.780000000000000027e+00 6.499999999999999702e-03 5.999999999999999474e-04 7.660000000000000142e+00 1.439999999999999947e+00
7.360000000000000320e+00 1.250000000000000000e+00 1.140000000000000041e-02 1.100000000000000066e-03 1.375999999999999979e+01 7.299999999999999822e-01
4.440000000000000391e+00 6.700000000000000400e-01 1.540000000000000049e-02 1.500000000000000031e-03 5.040000000000000036e+00 5.300000000000000266e-01
2.689999999999999947e+00 4.199999999999999845e-01 1.770000000000000046e-02 1.699999999999999905e-03 2.970000000000000195e+00 2.999999999999999889e-01
7.129999999999999893e+00 1.379999999999999893e+00 9.499999999999999764e-03 1.100000000000000066e-03 7.110000000000000320e+00 3.300000000000000155e-01
3.029999999999999805e+00 7.500000000000000000e-01 1.689999999999999836e-02 2.299999999999999961e-03 2.540000000000000036e+00 1.700000000000000122e-01
