#ID 12+log(O/H)_PG16 12+log(O/H)_PG16_errdown 12+log(O/H)_PG16_errup md/mg md/mhi
ESO097-013 8.303000000000601 0.05000000000001492 0.04300000000001525 -3.459593958228809 -2.597892643435462
ESO149-001 -99.0 -99.0 -99.0 -3.5695320411268074 -3.372843172032833
ESO149-013 -99.0 -99.0 -99.0 -4.4304404814659595 -4.260106826128047
ESO157-047 -99.0 -99.0 -99.0 -3.7894101805065374 -3.6006118369049425
ESO157-049 8.431000000000644 0.010000000000001563 0.009000000000003894 -2.698099926891976 -2.4203581903707225
ESO209-009 -99.0 -99.0 -99.0 -2.660629190714063 -2.3766171670880194
ESO240-004 -99.0 -99.0 -99.0 -2.810392586376455 -2.6365113437963177
ESO351-030 -99.0 -99.0 -99.0 -6.121494152344485 -5.996614624412053
ESO358-015 -99.0 -99.0 -99.0 -3.7428197571959854 -3.5257696489179917
ESO358-016 -99.0 -99.0 -99.0 -2.485441170895918 -2.258421687128027
ESO358-051 8.264000000000589 0.009000000000003894 0.008000000000002672 -2.7807290309288692 -2.4687402298525325
ESO358-054 8.129000000000545 0.010000000000005116 0.012000000000004007 -2.8464849884692973 -2.6339620419226275
ESO358-060 7.46389172 0.30981296010596043 0.18967029346905073 -4.333528465385202 -4.195293226643598
ESO358-063 -99.0 -99.0 -99.0 -2.5279747904272853 -2.2011127065341993
ESO373-008 -99.0 -99.0 -99.0 -2.556430351586118 -2.3075191103491277
ESO407-018 -99.0 -99.0 -99.0 -4.272497023292641 -4.06430415991185
ESO410-012 -99.0 -99.0 -99.0 -4.020458270920676 -3.872343279412839
ESO410-018 -99.0 -99.0 -99.0 -3.063826853242755 -2.905113339610994
ESO411-013 -99.0 -99.0 -99.0 -2.945261549843623 -2.699127826055263
ESO411-016 -99.0 -99.0 -99.0 -2.954441568512094 -2.7355626279688545
ESO411-026 -99.0 -99.0 -99.0 -3.338940973643036 -3.142624594911827
ESO471-006 7.63119645 0.131088388237756 0.12305255944165319 -5.114818669960131 -4.968882502682741
ESO493-016 -99.0 -99.0 -99.0 -2.4358432613932157 -2.179543477339332
ESO495-021 8.445015223722214 0.013000000000003453 0.012000000000004007 -2.7448980696343104 -2.4596567724902165
ESO549-035 -99.0 -99.0 -99.0 -2.80233424710292 -2.6088854287420316
ESO560-004 -99.0 -99.0 -99.0 -2.560287969186068 -1.9929684674501045
ESO603-031 -99.0 -99.0 -99.0 -2.2085344761262427 -1.8611564381491834
IC0010 8.042000000000515 0.14300000000004776 0.13800000000004609 -3.2099331847352763 -2.8604265717820274
IC0342 8.554000000000686 0.08400000000002805 0.08000000000002672 -2.9162322007690578 -2.676050068264034
IC0610 8.522000000000675 0.02300000000000857 0.02300000000000857 -2.3760398289244793 -1.6951105464020022
IC0691 8.309000000000605 0.06600000000002382 0.06600000000002026 -3.1771849066715125 -2.929903898458817
IC0755 8.11600000000054 0.0350000000000108 0.03600000000001202 -3.3147205619149487 -3.1222067796801314
IC0797 8.452000000000652 0.025000000000009237 0.026000000000008683 -2.5519005163072164 -2.2237813993882556
IC0800 8.346000000000616 0.06400000000002137 0.06400000000002137 -2.5857590670365704 -2.0338910685151212
IC0902 8.431000000000644 0.06600000000002026 0.0650000000000226 -2.379983039153284 -2.0385626494473614
IC1613 7.907579222258426 0.07200000000002404 0.07300000000002349 -3.331473219567119 -3.143919859636594
IC2233 8.069000000000525 0.05100000000001792 0.052000000000017366 -3.5161334741050227 -3.3394643604190937
IC2461 -99.0 -99.0 -99.0 -2.7879195853318306 -2.4986738758200566
IC2531 -99.0 -99.0 -99.0 -2.5952275971214975 -2.2730755537680896
IC2574 -99.0 -99.0 -99.0 -3.407543260938673 -3.2576576602224705
IC2828 8.098000000000534 0.03000000000001002 0.029000000000008797 -3.0330314083701264 -2.818327167499162
IC3021 8.424000000000643 0.08800000000002939 0.08700000000002817 -3.6823676263408283 -3.373948398732832
IC3023 8.137000000000548 0.3360000000001131 0.3270000000001083 -3.6288551923777232 -3.460922861716694
IC3033 -99.0 -99.0 -99.0 -3.105862459238062 -2.923828252074919
IC3044 8.114000000000539 0.07000000000002338 0.0710000000000246 -3.356206620665242 -3.165317177576618
IC3059 -99.0 -99.0 -99.0 -2.632763452600463 -2.4313394684491785
IC3061 8.517000000000674 0.06600000000002382 0.06900000000002215 -2.652994291039309 -2.393800464268732
IC3077 8.280000000000594 0.06700000000002149 0.06400000000002137 -3.715625188161081 -2.9806415215539683
IC3096 8.280000000000594 0.06300000000002015 0.06300000000002015 -2.553676080937935 -2.100367646149642
IC3099 8.309000000000605 0.0650000000000226 0.06600000000002026 -2.9794846682386598 -2.7350461881406405
IC3102 -99.0 -99.0 -99.0 -2.5556639102402916 -1.5924557925238336
IC3104 -99.0 -99.0 -99.0 -3.7674434176177742 -3.3328303202441187
IC3105 7.904000000000469 0.05800000000001937 0.05800000000001937 -3.452694656184605 -3.2909683094150073
IC3115 -99.0 -99.0 -99.0 -2.2832866743979783 -2.0810233646723617
IC3229 8.216000000000573 0.07100000000002282 0.07100000000002282 -2.7593243427326954 -2.5106994362688937
IC3258 8.006000000000503 0.0590000000000197 0.05900000000002059 -2.7186258831574373 -2.484547773151136
IC3259 8.404000000000636 0.06100000000002126 0.06100000000002126 -2.283887969066484 -1.8699642195119919
IC3267 8.486000000000663 0.06600000000002204 0.06400000000002137 -2.419175639073875 -2.0077397430577153
IC3268 8.240000000000581 0.04900000000001725 0.04800000000001603 -2.9756116596224427 -2.7515144216080247
IC3311 8.251000000000584 0.06900000000002215 0.06800000000002271 -2.3225771154060153 -2.0071286647644344
IC3322 8.336000000000613 0.06600000000002204 0.0650000000000226 -2.4346767372498914 -2.1073888297292163
IC3355 7.883000000000462 0.09400000000003139 0.09600000000003206 -3.6042402977233206 -3.4149248733507798
IC3371 7.956000000000486 0.08200000000002738 0.08400000000002805 -3.629270604999501 -3.4397011019055928
IC3391 8.24327758 -99.0 -99.0 -2.502608416800946 -2.1400900104608054
IC3392 8.53400000000068 0.06700000000002326 0.06600000000002204 -2.45704299079635 -1.5598863873323392
IC3475 -99.0 -99.0 -99.0 -3.572610347770037 -3.0791002414893955
IC3476 8.35400000000062 0.009000000000002117 0.007000000000003226 -2.289379324858875 -2.0292539033530157
IC3517 8.20500000000057 0.06600000000002382 0.06700000000002149 -2.1849429506155564 -1.8684147152794963
IC3521 8.542000000000682 0.04500000000001414 0.041000000000012804 -2.696888532762807 -1.8063691469646832
IC3611 8.246000000000583 0.05900000000002059 0.062000000000020705 -2.146600196087652 -1.714874044006963
IC3631 -99.0 -99.0 -99.0 -3.2754410610420766 -2.4674607210543638
IC3718 -99.0 -99.0 -99.0 -3.005422894700847 -2.5281218325598234
IC4213 8.213000000000573 0.0560000000000187 0.05300000000001681 -2.779614445746329 -2.5708041242092485
IC5270 -99.0 -99.0 -99.0 -2.8249944189536484 -2.6182354565036605
IC5334 -99.0 -99.0 -99.0 -3.1760688396733707 -2.9006938582142534
NGC0007 -99.0 -99.0 -99.0 -3.2113724166388504 -3.0283318772012846
NGC0115 -99.0 -99.0 -99.0 -3.0840333397274717 -2.8935029944123634
NGC0131 -99.0 -99.0 -99.0 -2.9819636385560577 -2.7784946472292975
NGC0148 -99.0 -99.0 -99.0 -4.186094962596531 -3.72803890382202
NGC0150 -99.0 -99.0 -99.0 -3.0389140509323855 -2.7581429601055945
NGC0254 -99.0 -99.0 -99.0 -3.397088582377249 -2.62101741841215
NGC0289 8.597000000000701 0.010000000000005116 0.011000000000002785 -3.191645743823445 -2.9649377447132927
NGC0300 8.270000000000591 0.014000000000004675 0.006000000000002004 -2.786083609263791 -2.582149351765281
NGC0337 8.30401229 -99.0 -99.0 -2.9512287508878314 -2.7134573629753005
NGC0428 8.218000000000574 0.03000000000001002 0.029000000000008797 -3.0336210584402004 -2.843205117587193
NGC0450 8.26881079694944 0.02300000000000857 0.021000000000006125 -2.758044802431402 -2.5438715780102314
NGC0493 8.310000000000604 0.024000000000008015 0.024000000000008015 -2.6690316614727334 -2.453740717596851
NGC0520 -99.0 -99.0 -99.0 -2.906607341052932 -2.6282632456299426
NGC0584 -99.0 -99.0 -99.0 -3.219185557901691 -2.0873789349293506
NGC0586 -99.0 -99.0 -99.0 -2.356076381180305 -1.4968464442711813
NGC0613 8.56100000000069 0.022000000000009123 0.023000000000006793 -2.7297681197284622 -2.0320021415376823
NGC0625 8.034951708857655 0.015000000000005898 0.015000000000004121 -3.1142756863036176 -2.844307123238869
NGC0628 8.488000000000664 0.008000000000002672 0.004000000000001336 -2.9045232552274216 -2.7354581953325883
NGC0678 -99.0 -99.0 -99.0 -2.7971697391036674 -2.0728075229819507
NGC0855 -99.0 -99.0 -99.0 -3.1196720402150064 -2.7613786819912884
NGC0891 -99.0 -99.0 -99.0 -2.3694668732722133 -2.0528215221656745
NGC0895 8.434000000000646 0.03500000000001258 0.03000000000001002 -2.6705672537180916 -2.4527807829937416
NGC0925 8.303000000000601 0.012000000000004007 0.012000000000004007 -3.140516977183329 -2.959748887220472
NGC1052 -99.0 -99.0 -99.0 -2.20344564967753 -0.590815720460892
NGC1056 8.41779644026828 0.04000000000001336 0.04300000000001347 -3.041627056165154 -2.7231047836077193
NGC1068 8.634580570722866 0.016000000000005343 0.015000000000005898 -2.9546054656753844 -1.6346346354247026
NGC1097 8.527000000000676 0.05000000000001492 0.05300000000001859 -2.781650399977013 -2.337403686843335
NGC1140 8.26097196 -99.0 -99.0 -3.461473741021228 -3.322071522880305
NGC1189 -99.0 -99.0 -99.0 -2.61466916460925 -2.3940843293765677
NGC1222 -99.0 -99.0 -99.0 -2.9838252026324494 -2.711456035036269
NGC1320 -99.0 -99.0 -99.0 -2.612933666348197 -1.6002935328740455
NGC1351A -99.0 -99.0 -99.0 -2.4327079435963572 -2.074150569965523
NGC1365 8.548000000000684 0.011000000000002785 0.01300000000000523 -2.460741480468603 -1.9761066520337773
NGC1412 -99.0 -99.0 -99.0 -4.632050337065931 -3.889493456282514
NGC1427A 8.135000000000545 0.009000000000002117 0.00600000000000378 -3.36464799992539 -3.184180956051729
NGC1436 8.56100000000069 0.007000000000003226 0.0070000000000014495 -2.1658078361617052 -1.2993861288364978
NGC1437B -99.0 -99.0 -99.0 -2.548926090560939 -2.2917234329754352
NGC1482 -99.0 -99.0 -99.0 -2.316215045355773 -1.7792351211140343
NGC1510 8.34089861 0.21748869702431284 0.21748869702431284 -4.676777528943341 -4.520373727965825
NGC1512 8.557000000000688 0.016000000000005343 0.01700000000000479 -3.3239464412151745 -3.0521245928596965
NGC1566 8.588000000000697 0.016000000000005343 0.016000000000005343 -3.2688551546310594 -2.4727320120398986
NGC1569 7.854740585514982 0.11300000000003774 0.1120000000000374 -3.49910524231118 -3.357368337640436
NGC1705 8.089000000000532 0.014000000000006452 0.012000000000004007 -3.453723146385894 -3.214697290299451
NGC1800 8.24562949 -99.0 -99.0 -3.1936954653302028 -2.936547805640716
NGC1808 -99.0 -99.0 -99.0 -3.7671819356186003 -2.1188573224717504
NGC1924 -99.0 -99.0 -99.0 -2.7287691153949942 -2.37433849138772
NGC2146 -99.0 -99.0 -99.0 -2.718619285611584 -2.3268274243276723
NGC2273 -99.0 -99.0 -99.0 -2.758718826653863 -2.3139082269009186
NGC2403 8.297000000000601 0.025000000000009237 0.026000000000006906 -2.922434315737083 -2.761170678050817
NGC2577 -99.0 -99.0 -99.0 -4.034376971862117 -2.5727227502522214
NGC2655 -99.0 -99.0 -99.0 -3.0507175290286734 -2.358152181442334
NGC2764 -99.0 -99.0 -99.0 -2.4877900969593574 -2.121849621151373
NGC2768 -99.0 -99.0 -99.0 -4.377400278706807 -2.245967020635842
NGC2787 -99.0 -99.0 -99.0 -4.762672316951701 -3.950454196802928
NGC2798 -99.0 -99.0 -99.0 -2.953173178021907 -2.3458315030862615
NGC2841 8.695000000000732 0.03600000000001202 0.03500000000001258 -2.8694553462935373 -2.3669188260216516
NGC2853 8.51100000000067 0.06800000000002271 0.06600000000002382 -2.1125080142133483 -1.519206865312608
NGC2859 -99.0 -99.0 -99.0 -2.9454100301551285 -1.811141065562191
NGC2907 -99.0 -99.0 -99.0 -3.0660402387405634 -2.2128362157208135
NGC2915 8.120836131010153 0.008000000000002672 0.009000000000003894 -4.190369155541086 -4.0035137927775395
NGC2976 8.390000000000631 0.027000000000009905 0.027000000000009905 -2.3114338220360677 -2.1302198794615648
NGC2992 -99.0 -99.0 -99.0 -2.913054895537581 -2.6791240518193358
NGC2993 -99.0 -99.0 -99.0 -3.4385726605773197 -3.2761589486145133
NGC3031 8.550000000000685 0.019000000000007233 0.021000000000006125 -2.68507012304667 -2.5314956140816443
NGC3034 -99.0 -99.0 -99.0 -3.1180581846953834 -2.0844142619541604
NGC3049 8.552000000000685 0.06300000000002015 0.062000000000020705 -3.1391189228124134 -2.4759781004769654
NGC3073 -99.0 -99.0 -99.0 -3.049867332005889 -2.589468226147163
NGC3077 8.41800000000064 0.062000000000020705 0.06300000000002193 -3.285447292109979 -3.1373086089551347
NGC3079 -99.0 -99.0 -99.0 -2.9177009353910806 -2.2635095898288045
NGC3081 -99.0 -99.0 -99.0 -2.95618687477653 -2.5871924643790956
NGC3147 -99.0 -99.0 -99.0 -2.2734544140366735 -1.783822722716635
NGC3155 -99.0 -99.0 -99.0 -2.8137924340633993 -2.5955587340485464
NGC3182 8.586000000000697 0.07900000000002727 0.07900000000002727 -2.7697337754059563 -2.3690683955417717
NGC3184 8.547000000000683 0.010000000000001563 0.008000000000002672 -2.5886444535583437 -2.339992891709769
NGC3185 -99.0 -99.0 -99.0 -2.342976762004665 -1.8713856545128944
NGC3187 8.439000000000647 0.06500000000002082 0.06600000000002382 -2.517725634526164 -2.2836378884683466
NGC3190 -99.0 -99.0 -99.0 -2.6256729525868283 -1.6536434301072915
NGC3193 -99.0 -99.0 -99.0 -4.696052639133247 -3.385113939483578
NGC3198 8.50600000000067 0.02500000000000746 0.027000000000009905 -2.9376147057607027 -2.7927940694609505
NGC3245A 8.23300000000058 0.07200000000002404 0.07300000000002349 -2.5906934951247362 -2.3473498263998978
NGC3252 -99.0 -99.0 -99.0 -2.6430758955927494 -2.3448274367054593
NGC3254 -99.0 -99.0 -99.0 -2.792537349288152 -2.516602774056469
NGC3256 8.526000000000677 0.02500000000000746 0.027000000000009905 -2.3998500995087872 -2.117884087064905
NGC3277 -99.0 -99.0 -99.0 -2.6810840834842833 -2.203160925804222
NGC3287 8.415000000000639 0.029000000000008797 0.030000000000011795 -2.399213319054141 -2.0920661027247527
NGC3294 8.57100000000069 0.02700000000000813 0.02800000000000935 -2.3709215752080897 -2.0427315695362434
NGC3301 -99.0 -99.0 -99.0 -3.7803890905466533 -2.5684734423535938
NGC3338 8.5980000000007 0.05300000000001681 0.054000000000018034 -2.945605030849498 -2.666801374703961
NGC3346 8.480000000000661 0.06600000000002204 0.06600000000002204 -2.374531294240647 -2.1484319577269355
NGC3351 8.65400000000072 0.01800000000000601 0.02000000000000668 -2.650428379951425 -2.200621170822008
NGC3353 8.216201522379247 0.02000000000000668 0.019000000000005457 -3.167123853471891 -2.9611188123484222
NGC3364 -99.0 -99.0 -99.0 -2.7708435392715636 -2.471896028245833
NGC3370 8.47800000000066 0.022000000000007347 0.021000000000006125 -2.8270032525925224 -2.4853776070684406
NGC3380 -99.0 -99.0 -99.0 -2.6320907113718026 -2.0311553695388116
NGC3381 8.427000000000643 0.009000000000002117 0.011000000000004562 -2.815328987373408 -2.593044762232243
NGC3403 -99.0 -99.0 -99.0 -2.906458414145508 -2.678999763931972
NGC3413 8.124000000000542 0.06600000000002204 0.06700000000002149 -2.895304772539129 -2.6950335991767864
NGC3414 -99.0 -99.0 -99.0 -3.593678756338268 -2.23781758745358
NGC3424 -99.0 -99.0 -99.0 -2.5684382207799734 -2.229810996730491
NGC3430 8.548000000000684 0.0210000000000079 0.0210000000000079 -2.7741925523393434 -2.522243565269498
NGC3437 8.585000000000697 0.06400000000002137 0.06400000000002137 -2.765742303832526 -2.377310077163444
NGC3440 7.995000000000499 0.026000000000008683 0.027000000000009017 -3.2420640322566348 -3.068466122585376
NGC3445 8.262000000000588 0.044000000000014694 0.04300000000001525 -3.0685557497691933 -2.9150709097571803
NGC3448 8.23341146 -99.0 -99.0 -3.1364680726224083 -2.948645705990695
NGC3454 8.400000000000635 0.06100000000002126 0.06000000000002004 -2.414532874192436 -2.073469553952262
NGC3455 -99.0 -99.0 -99.0 -2.7560993373467912 -2.5616491699503663
NGC3485 8.51100000000067 0.023000000000006793 0.02300000000000857 -2.9270435590265667 -2.664544036505969
NGC3488 8.509000000000672 0.03400000000001313 0.03600000000001202 -2.654456834239007 -2.383523329449195
NGC3501 -99.0 -99.0 -99.0 -2.5078190664621003 -2.2916457754668746
NGC3504 8.62600000000071 0.02300000000000857 0.022000000000007347 -2.4960115250227175 -1.7193490615637685
NGC3512 8.588000000000697 0.01000000000000334 0.008000000000002672 -2.731318437169183 -2.302698507232946
NGC3521 8.604000000000703 0.026000000000008683 0.02700000000000813 -2.6786198216907984 -2.39261265383399
NGC3526 8.2206154 -99.0 -99.0 -2.7091348011935885 -2.511059924491081
NGC3547 8.355000000000619 0.038000000000010914 0.0420000000000158 -2.824358411018349 -2.588934770194938
NGC3564 -99.0 -99.0 -99.0 -4.806574875733604 -4.2054509221094305
NGC3592 8.393000000000633 0.06700000000002326 0.06500000000002082 -2.3985322371299107 -2.0329800269857143
NGC3596 8.521000000000676 0.050000000000018474 0.05000000000001492 -2.569194809038332 -2.3041587253035196
NGC3608 -99.0 -99.0 -99.0 -3.7795955012381426 -1.898466814281933
NGC3619 8.502000000000669 0.015000000000005898 0.01700000000000479 -2.6682955497504937 -1.9838181284157104
NGC3620 -99.0 -99.0 -99.0 -2.3114927967060765 -1.4732876803506343
NGC3621 8.428000000000644 0.0350000000000108 0.03300000000001191 -3.093611732479819 -2.827803545613933
NGC3622 8.256000000000586 0.0650000000000226 0.06600000000002204 -2.83479486087124 -2.6177810942193664
NGC3626 -99.0 -99.0 -99.0 -3.0728979377711663 -2.4187540405896852
NGC3627 8.524000000000676 0.044000000000014694 0.04300000000001347 -2.511843840322309 -1.683527588943638
NGC3628 8.512000000000672 0.04100000000001458 0.04000000000001336 -2.8918716606944463 -2.4294344995222206
NGC3629 8.31497449 -99.0 -99.0 -2.7652925940426787 -2.5695937559983473
NGC3631 8.529000000000678 0.019000000000007233 0.02000000000000668 -2.639328472910251 -2.295121109696039
NGC3655 -99.0 -99.0 -99.0 -2.3286167525840162 -2.144345857359801
NGC3659 8.407000000000636 0.039000000000012136 0.04000000000001336 -2.9294784103576066 -2.73913312332389
NGC3666 8.309000000000605 0.07800000000002782 0.07800000000002427 -2.8319140068065636 -2.691452507046064
NGC3681 -99.0 -99.0 -99.0 -2.760457281491924 -2.6007118268933564
NGC3683 8.563000000000688 0.031000000000009464 0.03200000000001069 -2.6329724678733823 -1.9072639262456432
NGC3684 8.518000000000674 0.02000000000000668 0.021000000000006125 -2.8448089088622006 -2.5613764474986596
NGC3686 8.583000000000695 0.026000000000006906 0.02600000000001046 -2.433160754366098 -2.0515251903863563
NGC3691 8.393252 -99.0 -99.0 -2.507194039188642 -2.171307845671564
NGC3692 -99.0 -99.0 -99.0 -2.601170229851826 -2.214284979742197
NGC3718 -99.0 -99.0 -99.0 -2.7864329643643515 -2.427978007158689
NGC3729 8.59069236 -99.0 -99.0 -3.1961823297130856 -2.8978201472825207
NGC3755 8.152000000000552 0.11100000000003618 0.11400000000003807 -3.116296844894166 -2.9361252594419414
NGC3756 8.551000000000684 0.041000000000012804 0.04000000000001336 -2.5457850462876572 -2.2398300892850163
NGC3773 8.318000000000607 0.0560000000000187 0.06000000000002004 -2.939741768038264 -2.6253748649050497
NGC3794 8.28794496 -99.0 -99.0 -3.0035512644348796 -2.7984207554851612
NGC3795 8.27239127 -99.0 -99.0 -2.5291981900590907 -2.2512512095058583
NGC3796 -99.0 -99.0 -99.0 -2.8851192527507488 -1.9955932040486277
NGC3813 8.51100000000067 0.02200000000000557 0.022000000000009123 -2.7401819809493495 -2.2883021176638754
NGC3846A 8.20800000000057 0.07200000000002404 0.07500000000002416 -2.855986897010265 -2.635754060370957
NGC3870 8.250000000000584 0.06500000000002082 0.06600000000002204 -3.1310340550638016 -2.889951641095338
NGC3898 -99.0 -99.0 -99.0 -2.896303630270236 -2.444176227127103
NGC3938 8.549000000000685 0.03100000000001124 0.02700000000000813 -2.761411985581176 -2.4219018424465477
NGC3941 -99.0 -99.0 -99.0 -3.5783213958381475 -2.8424460914241254
NGC3945 -99.0 -99.0 -99.0 -2.810018200472811 -1.6787949818269645
NGC3952 8.20896332 -99.0 -99.0 -3.4571933425176513 -3.2558284784372993
NGC3953 -99.0 -99.0 -99.0 -2.0863411564255165 -1.7592372543337331
NGC3982 8.498000000000667 0.044000000000014694 0.04600000000001536 -2.7759484401984147 -2.4632677227176942
NGC4013 -99.0 -99.0 -99.0 -2.6994547339900583 -2.2297715905962634
NGC4030 8.591000000000697 0.008000000000002672 0.010000000000005116 -2.5614035804337645 -2.293606511138933
NGC4032 8.304000000000602 0.06600000000002204 0.06600000000002204 -2.8616104586627973 -2.6379563866743787
NGC4037 8.497000000000668 0.06600000000002382 0.06400000000002137 -2.2806470220386124 -1.8338661709094135
NGC4045 -99.0 -99.0 -99.0 -2.9095501115451587 -2.393282963346838
NGC4051 8.531000000000677 0.02800000000000935 0.027000000000009905 -2.6566188031870017 -2.2038725923637337
NGC4067 -99.0 -99.0 -99.0 -2.6882963183893285 -2.29477236109525
NGC4100 8.520000000000675 0.06400000000002137 0.06400000000002137 -2.728247170981676 -2.3522903899410528
NGC4102 -99.0 -99.0 -99.0 -2.496889558203835 -1.9033114343919708
NGC4111 -99.0 -99.0 -99.0 -3.6916347192117773 -2.956125648892013
NGC4116 8.407000000000636 0.0350000000000108 0.03500000000001258 -3.1904986028077937 -2.371326464809415
NGC4117 -99.0 -99.0 -99.0 -3.0875068833781354 -2.5661994570164195
NGC4123 8.617000000000708 0.06600000000002382 0.06500000000002082 -2.738851251564966 -2.560330122989885
NGC4138 8.531000000000677 0.03200000000001069 0.030000000000011795 -2.8135586231333707 -2.299903226881307
NGC4144 8.144000000000549 0.057000000000019924 0.05800000000001937 -2.912538737235086 -2.757220640202654
NGC4151 -99.0 -99.0 -99.0 -2.8532411553093553 -2.6442110553256977
NGC4152 8.551000000000684 0.029000000000008797 0.03100000000001124 -3.2508355637600412 -2.6452158542959356
NGC4165 8.460000000000655 0.06600000000002204 0.06700000000002149 -2.3675778529612126 -1.8674509587176575
NGC4178 8.35300000000062 0.03100000000001124 0.030000000000008242 -2.710469468799695 -2.5600695588020566
NGC4180 8.563000000000688 0.026000000000006906 0.025000000000009237 -2.5299060721962863 -1.9048389302442377
NGC4183 8.341000000000616 0.06400000000002137 0.06700000000002149 -2.7416941792505805 -2.539883108460354
NGC4189 8.50700000000067 0.024000000000008015 0.024000000000008015 -2.4911164494041054 -2.1270153581544444
NGC4191 8.512000000000672 0.02800000000000935 0.03000000000001002 -3.4451232143996107 -2.998524517333954
NGC4192 -99.0 -99.0 -99.0 -2.5206197595531097 -2.2329560309193286
NGC4193 8.556000000000687 0.06600000000002204 0.06600000000002204 -2.480082070789961 -2.0529736468081943
NGC4194 8.47800000000066 0.06100000000001948 0.06000000000002004 -2.901839692898677 -2.5864092668462138
NGC4197 8.393000000000633 0.045000000000015916 0.04700000000001481 -2.8852704234758955 -2.667057402052468
NGC4203 -99.0 -99.0 -99.0 -3.2000386243830303 -2.5112524726595886
NGC4206 -99.0 -99.0 -99.0 -2.6506224020784437 -2.4859723141173213
NGC4207 8.44500000000065 0.06700000000002326 0.06600000000002026 -2.635766920954225 -2.252536479028261
NGC4212 8.532000000000679 0.024000000000008015 0.024000000000008015 -2.603662549151814 -1.937922158391448
NGC4214 8.076701662761861 0.04000000000001336 0.044000000000014694 -2.937423882708318 -2.8019376460507295
NGC4216 8.605000000000704 0.0210000000000079 0.02200000000000557 -2.0698354189051384 -1.8507049212221196
NGC4217 8.53900000000068 0.030000000000008242 0.030000000000011795 -1.7698546501764556 -1.4047961355622622
NGC4222 8.39316146 -99.0 -99.0 -2.5779500026284574 -2.32205154182228
NGC4224 -99.0 -99.0 -99.0 -2.775228725774495 -1.9227903454328563
NGC4234 8.456000000000653 0.029000000000010573 0.02700000000000813 -2.5098360007666476 -2.2231960301822427
NGC4235 8.080000000000528 0.29000000000009685 0.2980000000000995 -3.4010610785788056 -2.86435312728626
NGC4236 8.083000000000528 0.13100000000004286 0.13100000000004464 -3.258245624576563 -3.092663973478986
NGC4237 -99.0 -99.0 -99.0 -2.0418794993963867 -1.587620259914119
NGC4244 8.110000000000538 0.03200000000001069 0.04300000000001525 -2.973276929882332 -2.820447617128825
NGC4252 8.214000000000572 0.0710000000000246 0.06900000000002215 -2.954449843710633 -2.7082727584457578
NGC4254 8.554000000000686 0.02000000000000668 0.021000000000006125 -2.6591201911919295 -2.192893205191288
NGC4258 8.512000000000672 0.02800000000000935 0.026000000000008683 -2.7181804921331 -2.3350030714421117
NGC4268 -99.0 -99.0 -99.0 -4.669083489827454 -4.182787377672714
NGC4270 -99.0 -99.0 -99.0 -4.014678051608689 -3.1426767338149526
NGC4273 8.51100000000067 0.05800000000001759 0.05900000000002059 -2.7038714318922166 -2.223794717172184
NGC4276 8.454000000000653 0.06400000000002137 0.06400000000002137 -2.590595811424502 -2.3009735595936753
NGC4287 -99.0 -99.0 -99.0 -2.362967890523716 -1.8853953179296532
NGC4289 -99.0 -99.0 -99.0 -2.878958434349051 -2.5620580097547543
NGC4294 8.213000000000573 0.04100000000001458 0.04200000000001225 -2.905962657082714 -2.702456697348537
NGC4299 8.264000000000589 0.029000000000010573 0.02800000000000935 -3.038031389653254 -2.8942740338930126
NGC4302 8.542000000000682 0.0850000000000275 0.08200000000002738 -2.3611454411778654 -2.042945328948977
NGC4303A 8.149000000000552 0.0710000000000246 0.07200000000002404 -3.0552516149751536 -2.884083367794776
NGC4307 -99.0 -99.0 -99.0 -2.125060908904565 -1.2301814401295097
NGC4309 -99.0 -99.0 -99.0 -2.307821153315014 -1.287394347463935
NGC4312 8.47400000000066 0.06700000000002326 0.06600000000002204 -2.8203350168939583 -1.6939269405241921
NGC4313 -99.0 -99.0 -99.0 -2.223769710053136 -1.3802092999762192
NGC4316 -99.0 -99.0 -99.0 -2.3817814541060818 -2.141154781210396
NGC4321 8.557000000000688 0.011000000000004562 0.013000000000003453 -2.543350316243132 -1.9301835655521786
NGC4322 -99.0 -99.0 -99.0 -5.221517732547264 -5.040668156888092
NGC4324 -99.0 -99.0 -99.0 -2.886263406405455 -2.288471014975204
NGC4330 8.434000000000646 0.07700000000002483 0.07600000000002538 -2.3845507811293083 -2.0134312604814815
NGC4343 -99.0 -99.0 -99.0 -2.4909986501393067 -1.913902891020339
NGC4351 8.390000000000631 0.062000000000020705 0.06400000000002137 -2.6845155375040446 -2.326059352467054
NGC4353 -99.0 -99.0 -99.0 -2.5267077456077573 -2.0469004872396215
NGC4355 -99.0 -99.0 -99.0 -2.6223325142408584 -1.94503078411403
NGC4356 -99.0 -99.0 -99.0 -2.329434775257761 -1.4910126926751526
NGC4359 8.26500000000059 0.06600000000002382 0.06500000000002082 -2.692239713054477 -2.480667251272921
NGC4370 -99.0 -99.0 -99.0 -2.5650535339638476 -1.5030795525942935
NGC4376 8.214000000000572 0.06100000000001948 0.06000000000002004 -2.8665177232776373 -2.6174513484213606
NGC4378 -99.0 -99.0 -99.0 -2.735782225282147 -2.129800191631442
NGC4380 -99.0 -99.0 -99.0 -1.9323785354741576 -1.4031031574754658
NGC4385 8.46677301 -99.0 -99.0 -2.635437007119924 -2.2821964644602906
NGC4388 8.440000000000648 0.04600000000001536 0.045000000000015916 -2.4003148296317613 -1.938403054155106
NGC4390 8.37109262 -99.0 -99.0 -2.572860459824711 -2.302771631166858
NGC4396 8.312000000000605 0.029000000000010573 0.02800000000000935 -2.383372281741886 -2.1615702121647167
NGC4402 8.500000000000668 0.022000000000007347 0.02000000000000668 -2.3388134343919993 -1.639235255584449
NGC4409 8.424000000000643 0.037000000000013245 0.037000000000013245 -2.7465030516688276 -2.4037288636004894
NGC4411A 8.41782722 -99.0 -99.0 -2.9871113998696366 -2.7743895900890263
NGC4412 8.578000000000694 0.03900000000001391 0.03900000000001391 -2.6407907731230784 -2.1599155812068793
NGC4413 8.482000000000662 0.06600000000002204 0.06500000000002082 -2.2995776459430615 -1.8163065346546738
NGC4416 8.472000000000659 0.02700000000000813 0.02800000000000935 -2.3923399463179535 -2.015524338269865
NGC4419 8.552000000000685 0.03000000000001002 0.03000000000001002 -2.7505532469090905 -1.264874363743458
NGC4423 8.130000000000544 0.06500000000002082 0.06300000000002193 -2.968710803007754 -2.5731132441796567
NGC4424 8.503000000000668 0.018000000000004235 0.017000000000006565 -2.842210762381644 -2.2483761558960773
NGC4429 -99.0 -99.0 -99.0 -3.326855576349595 -1.6645087835442012
NGC4430 8.462000000000655 0.06700000000002326 0.06900000000002215 -2.335064117141425 -1.9915339082132195
NGC4437 8.41724752 -99.0 -99.0 -2.4782019296710365 -2.2902455889719926
NGC4438 -99.0 -99.0 -99.0 -2.6585641520749324 -1.9315293066716526
NGC4445 -99.0 -99.0 -99.0 -2.3647850735338913 -1.51510089896024
NGC4449 8.225000000000577 0.03500000000001258 0.0350000000000108 -2.9876758642638777 -2.8528387137888345
NGC4450 -99.0 -99.0 -99.0 -2.324999049148955 -1.5431746852428627
NGC4451 8.431000000000644 0.013000000000003453 0.012000000000004007 -2.6151190815026824 -2.078676101912244
NGC4454 -99.0 -99.0 -99.0 -2.8057905098476916 -2.0848456354748883
NGC4457 -99.0 -99.0 -99.0 -2.855309428159756 -1.902323149618242
NGC4460 -99.0 -99.0 -99.0 -2.6989515552088497 -2.21243357736509
NGC4468 -99.0 -99.0 -99.0 -3.199214324012579 -2.8079961744603894
NGC4469 -99.0 -99.0 -99.0 -2.9572590230859466 -1.3891347686785815
NGC4470 8.38400000000063 0.023000000000006793 0.022000000000007347 -2.7847863397213066 -2.3737812453596927
NGC4480 8.40244657 -99.0 -99.0 -2.537216567695968 -2.273341516159093
NGC4486 -99.0 -99.0 -99.0 -3.759558279073192 -3.4614110265647917
NGC4492 -99.0 -99.0 -99.0 -1.801232469223596 -1.015980010699904
NGC4496A 8.512000000000672 0.04300000000001347 0.042000000000014026 -2.5886794111733953 -2.43384039803188
NGC4498 8.397000000000634 0.030000000000011795 0.030000000000008242 -2.498679132093746 -2.215477206990707
NGC4501 8.63100000000071 0.10300000000003351 0.10200000000003584 -2.46711443917988 -1.6656717735242095
NGC4502 8.30372081 -99.0 -99.0 -2.670479648728825 -2.441999108624732
NGC4503 -99.0 -99.0 -99.0 -4.517507757049961 -3.870632997216042
NGC4519 8.425000000000644 0.029000000000010573 0.031000000000009464 -3.0063198492639986 -2.830597081268996
NGC4521 -99.0 -99.0 -99.0 -4.338082164568672 -3.884180330554634
NGC4522 8.44500000000065 0.0650000000000226 0.06700000000002149 -2.6947240291349415 -2.2131779341343316
NGC4525 8.32448416 -99.0 -99.0 -2.316578953088141 -2.064778596036138
NGC4526 -99.0 -99.0 -99.0 -2.6221613510073225 -0.4328402287368366
NGC4527 8.524000000000676 0.06400000000002137 0.06600000000002204 -2.761713409341497 -2.3236872662014005
NGC4531 -99.0 -99.0 -99.0 -2.8626935251451204 -2.405011431242244
NGC4532 8.128000000000544 0.026000000000008683 0.025000000000009237 -2.9230837832874768 -2.7366481011388943
NGC4533 8.270000000000591 0.06600000000002204 0.06400000000002137 -2.869520568644592 -2.597222646855033
NGC4535 8.517000000000674 0.0210000000000079 0.02200000000000557 -2.5363214298035874 -2.1671878130603313
NGC4536 -99.0 -99.0 -99.0 -2.8100238477721082 -2.510991078780324
NGC4546 -99.0 -99.0 -99.0 -3.1451337841913762 -2.0985136650642526
NGC4551 -99.0 -99.0 -99.0 -3.625976110723263 -1.9660391388208074
NGC4559 8.214000000000572 0.054000000000018034 0.008000000000002672 -3.127781614750405 -2.9631706427980204
NGC4561 8.172000000000558 0.0650000000000226 0.06600000000002204 -3.391919694921795 -3.1909363909727713
NGC4562 -99.0 -99.0 -99.0 -2.0932547038133444 -1.8209318829590766
NGC4565 8.47600000000066 0.029000000000010573 0.02800000000000935 -2.537339209325878 -2.355517696713093
NGC4569 -99.0 -99.0 -99.0 -2.8374901347288293 -1.6774094295602948
NGC4571 -99.0 -99.0 -99.0 -2.413078980940748 -1.7621989269549048
NGC4579 8.587000000000696 0.02000000000000668 0.02000000000000668 -3.0378576505172235 -1.5509140069088458
NGC4580 -99.0 -99.0 -99.0 -2.0315586431124832 -0.9070099048848507
NGC4584 8.44500000000065 0.06700000000002326 0.06400000000002137 -2.266115573842981 -1.4557419713070787
NGC4586 -99.0 -99.0 -99.0 -2.0646452310537757 -1.4552196439293568
NGC4591 8.522000000000675 0.06500000000002082 0.06600000000002204 -2.5051313360289686 -2.0770115119161576
NGC4592 8.181000000000562 0.0020000000000024443 0.0030000000000001137 -3.2123737086321795 -3.060451490452199
NGC4595 8.475000000000659 0.0560000000000187 0.057000000000019924 -2.652589251926774 -2.253122949701291
NGC4606 8.518000000000674 0.05900000000002059 0.06000000000002004 -2.5034292429106375 -1.5650808838394685
NGC4607 -99.0 -99.0 -99.0 -2.2861699187455997 -1.651202451418133
NGC4618 8.343000000000615 0.029000000000008797 0.029000000000010573 -2.9488682473562378 -2.7211724054138338
NGC4621 -99.0 -99.0 -99.0 -1.8723267207542673 -0.2389017288738778
NGC4625 8.486000000000663 0.013000000000003453 0.013000000000003453 -2.8423942029671068 -2.6124548344028904
NGC4629 7.922000000000475 0.2650000000000885 0.25700000000008494 -3.732304322489055 -3.574134580583267
NGC4630 8.443000000000648 0.016000000000005343 0.017000000000006565 -2.647289802432163 -2.0860396213291907
NGC4631 8.23800000000058 0.03900000000001391 0.04000000000001336 -3.095285462699244 -2.8812116169322732
NGC4633 8.38400000000063 0.062000000000020705 0.062000000000020705 -2.645664871779743 -2.4207908189241016
NGC4636 -99.0 -99.0 -99.0 -4.592216284199608 -3.4370058903777916
NGC4639 8.535000000000679 0.02500000000000746 0.02600000000001046 -2.8337734378434187 -2.4372377973127195
NGC4643 -99.0 -99.0 -99.0 -2.686935123938334 -1.2557903557732737
NGC4651 8.513000000000673 0.004000000000001336 0.0019999999999988916 -2.6845903498440107 -2.53228885924919
NGC4654 8.510000000000671 0.03300000000001013 0.03100000000001124 -3.4118063843763973 -2.2321128657464224
NGC4656 7.916000000000473 0.047000000000015696 0.04600000000001536 -3.652056764995436 -3.5173390200026318
NGC4666 8.513000000000673 0.00600000000000378 0.005000000000000782 -2.66821346227246 -2.2948026086628217
NGC4668 8.282000000000595 0.049000000000015476 0.0500000000000167 -2.7156349911728355 -2.492014674045192
NGC4688 8.259000000000587 0.05000000000001492 0.050000000000018474 -2.869321757217108 -2.688679034700686
NGC4689 -99.0 -99.0 -99.0 -2.0939901509593826 -1.6593327672017637
NGC4691 8.514000000000673 0.021000000000006125 0.02300000000000857 -2.5320830180735894 -1.8790697425567082
NGC4698 -99.0 -99.0 -99.0 -2.871710475880413 -2.356660585244152
NGC4701 8.482000000000662 0.06100000000001948 0.06000000000002004 -3.075910216687347 -2.9004512287347612
NGC4710 8.546000000000683 0.052000000000017366 0.049000000000015476 -2.4150946978785113 -0.9973853205312707
NGC4713 8.375000000000625 0.04200000000001225 0.03900000000001391 -2.9123876486614435 -2.608749795728926
NGC4725 -99.0 -99.0 -99.0 -2.4920078265584618 -2.311375819610151
NGC4731 8.35441466 -99.0 -99.0 -2.94291778960939 -2.7943479208392317
NGC4736 8.623000000000708 0.046000000000013586 0.04600000000001714 -2.62834127584153 -2.156162784608738
NGC4746 8.468000000000657 0.03300000000001191 0.03300000000001191 -2.699144400892127 -2.390943887403906
NGC4747 8.334000000000612 0.05900000000002059 0.05900000000002059 -2.8516255311791285 -2.6179231703450703
NGC4753 -99.0 -99.0 -99.0 -2.849468842150971 -1.5265823695177259
NGC4758 8.35800000000062 0.04300000000001525 0.042000000000014026 -2.526223848446551 -2.2275267941819585
NGC4765 8.166000000000556 0.055000000000019256 0.0560000000000187 -3.191213259716055 -3.0056115338497222
NGC4771 -99.0 -99.0 -99.0 -2.300285838560603 -2.0289690918835013
NGC4772 8.50700000000067 0.012000000000004007 0.012000000000004007 -2.71058006721027 -2.12959308167713
NGC4775 -99.0 -99.0 -99.0 -2.7967855485237223 -2.641950028509978
NGC4779 8.549000000000685 0.06300000000002193 0.06300000000002015 -2.5146566819056804 -2.1863462788420214
NGC4789A -99.0 -99.0 -99.0 -3.4991354886136006 -3.3573951712484407
NGC4791 -99.0 -99.0 -99.0 -2.6889406997962295 -2.141552989427196
NGC4793 8.503000000000668 0.02700000000000813 0.02800000000000935 -2.6213231277242444 -2.384266063030223
NGC4795 -99.0 -99.0 -99.0 -3.5163265443372946 -2.882098067444325
NGC4799 -99.0 -99.0 -99.0 -2.790509455684402 -2.3731650668760502
NGC4808 8.47900000000066 0.04300000000001347 0.0420000000000158 -2.961196650905573 -2.735431314401691
NGC4826 -99.0 -99.0 -99.0 -3.093323299781045 -2.143247186598738
NGC4845 -99.0 -99.0 -99.0 -2.0228786028736603 -1.069184363327839
NGC4866 -99.0 -99.0 -99.0 -3.035926278135642 -2.4592314992363242
NGC4904 8.47400000000066 0.041000000000012804 0.04000000000001336 -2.7174285348472704 -2.3779991218744847
NGC4941 8.590000000000698 0.011000000000004562 0.01000000000000334 -2.1058265219634817 -1.6505621922430513
NGC4945 8.549000000000685 0.010000000000005116 0.004000000000001336 -2.7555578232199553 -1.6041920819117865
NGC4961 8.117000000000541 0.05300000000001859 0.05700000000001815 -2.8996078205427955 -2.7017693879121274
NGC4981 8.56500000000069 0.00600000000000378 0.008000000000002672 -2.8193421359882933 -2.4889657817335595
NGC5012 -99.0 -99.0 -99.0 -2.458620168424467 -2.0719993900840987
NGC5014 8.432000000000645 0.06300000000002015 0.062000000000020705 -2.846730316409649 -2.526460387280216
NGC5016 8.602000000000702 0.02800000000000935 0.029000000000008797 -2.7162121887596307 -2.387800371549123
NGC5023 8.076000000000526 0.04900000000001725 0.0500000000000167 -2.7456435324332924 -2.566622767066282
NGC5033 8.543000000000681 0.03300000000001013 0.03100000000001124 -2.782463088598394 -2.4832098424374602
NGC5055 8.581000000000696 0.05400000000001981 0.05300000000001681 -2.547342777758956 -2.210532417966467
NGC5116 8.53900000000068 0.06400000000002137 0.0650000000000226 -2.622428097438317 -2.2475195068133105
NGC5117 8.338000000000614 0.07200000000002404 0.07700000000002483 -2.9281165859772202 -2.7278805617815607
NGC5122 -99.0 -99.0 -99.0 -3.1817439078021907 -2.6565357009494717
NGC5128 8.615000000000705 0.026000000000006906 0.02800000000000935 -2.6246381041746822 -1.629909350670029
NGC5145 8.610000000000705 0.01800000000000601 0.02000000000000668 -2.7724815168808474 -2.4185916867187744
NGC5147 8.380000000000628 0.04300000000001347 0.042000000000014026 -2.683247513144505 -2.444427855000874
NGC5194 8.638000000000714 0.012000000000004007 0.006000000000002004 -2.2534002422343096 -1.907823846564709
NGC5236 8.559000000000687 0.0030000000000001137 0.0020000000000024443 -2.7987097304820883 -2.007871946828759
NGC5240 -99.0 -99.0 -99.0 -2.5815540280623273 -2.1998237721493696
NGC5248 8.576000000000693 0.009000000000003894 0.0070000000000014495 -2.576561436161196 -2.2629710927642623
NGC5290 -99.0 -99.0 -99.0 -2.789145056987014 -2.295397673963591
NGC5300 8.488000000000664 0.06600000000002204 0.06700000000002149 -2.3465107440451822 -2.121659155562091
NGC5301 8.50600000000067 0.06900000000002215 0.06900000000002215 -2.583664861803594 -2.3502062817291614
NGC5334 8.44400000000065 0.008000000000002672 0.0070000000000014495 -2.453776854493061 -2.2564371551452966
NGC5338 8.409000000000638 0.03800000000001447 0.039000000000012136 -2.736895361556185 -2.1203222356883145
NGC5347 -99.0 -99.0 -99.0 -2.5535817579009805 -2.2335852387832547
NGC5348 -99.0 -99.0 -99.0 -2.6856132899395875 -2.4700693610194038
NGC5350 -99.0 -99.0 -99.0 -2.700553700354532 -2.3825289222387633
NGC5355 -99.0 -99.0 -99.0 -5.076115882012429 -4.809441996631503
NGC5356 -99.0 -99.0 -99.0 -2.107026994686537 -1.739746103232737
NGC5358 -99.0 -99.0 -99.0 -3.8418868284290943 -3.5796929239431172
NGC5360 8.332000000000612 0.06300000000002015 0.06300000000002015 -2.007027970241129 -1.3291549842715884
NGC5363 -99.0 -99.0 -99.0 -2.803128651941077 -1.3568685760797117
NGC5364 -99.0 -99.0 -99.0 -2.325472234210355 -2.1851176930470313
NGC5398 8.108670321423592 0.08750786232640256 0.08755269164714426 -3.0906265499978307 -2.881390671719674
NGC5408 -99.0 -99.0 -99.0 -4.256384811911245 -4.085444298780948
NGC5426 8.466000000000657 0.009000000000002117 0.004000000000001336 -2.8480674818800074 -2.631135517689617
NGC5427 -99.0 -99.0 -99.0 -2.6821619070454097 -2.402063827354198
NGC5457 8.405000000000637 0.0020000000000024443 0.01700000000000479 -2.6500975073376143 -2.4461149099622537
NGC5474 8.231000000000577 0.02200000000000557 0.024000000000008015 -2.754474966649246 -2.5558780419922713
NGC5477 7.815000000000439 0.06100000000002037 0.062000000000020705 -4.205925059757506 -4.038967177505914
NGC5480 8.491000000000664 0.014000000000002899 0.010000000000005116 -2.580182613076326 -2.2244067922644595
NGC5485 -99.0 -99.0 -99.0 -3.6125666228460274 -2.854535355393774
NGC5486 8.248000000000584 0.0350000000000108 0.037000000000013245 -3.0215800182155155 -2.8289033230845337
NGC5496 8.204000000000569 0.052000000000017366 0.054000000000018034 -3.228934495870236 -3.0529503233001436
NGC5506 8.219000000000573 0.21100000000006958 0.20900000000007068 -2.734622507489406 -1.872386370350733
NGC5507 -99.0 -99.0 -99.0 -5.021380227388734 -4.205627303598167
NGC5529 -99.0 -99.0 -99.0 -2.6225225964150507 -2.2642128913022748
NGC5560 8.510000000000671 0.054000000000018034 0.0560000000000187 -2.7098595408087762 -2.375616004085445
NGC5566 -99.0 -99.0 -99.0 -2.2038909153528463 -1.7991298827697386
NGC5569 8.366000000000623 0.06400000000002137 0.06500000000002082 -2.3469098192097837 -2.1043438020166767
NGC5574 -99.0 -99.0 -99.0 -3.8570485933159717 -2.9779514928539346
NGC5577 8.465000000000657 0.029000000000010573 0.029000000000008797 -2.341485212585236 -2.1555380202197894
NGC5584 8.360000000000621 0.0030000000000001137 0.005000000000002558 -2.6007731761796093 -2.2801836990127673
NGC5636 8.510000000000671 0.06700000000002326 0.06500000000002082 -2.4416388123453485 -1.8101120013137286
NGC5638 -99.0 -99.0 -99.0 -4.902831701556411 -3.5422937714229
NGC5645 8.261000000000589 0.06300000000002193 0.06400000000002137 -2.740784362049633 -2.506852168872497
NGC5658 8.26500000000059 0.04300000000001525 0.041000000000012804 -2.7587495410712117 -2.4816125770000985
NGC5667 8.273000000000593 0.03100000000001124 0.030000000000008242 -2.8685639432079215 -2.6516950843343694
NGC5668 8.366000000000623 0.03100000000001124 0.03600000000001202 -2.528925490469084 -2.3674723264187674
NGC5669 8.348000000000617 0.04700000000001481 0.052000000000017366 -2.72717896687671 -2.5605464546978283
NGC5689 -99.0 -99.0 -99.0 -3.3913038515851155 -2.441384093890454
NGC5690 8.415000000000639 0.0560000000000187 0.0560000000000187 -3.133856483833813 -2.363053803834333
NGC5691 8.382000000000629 0.03500000000001258 0.034000000000011354 -2.996802762525912 -2.342990916281502
NGC5693 8.404000000000636 0.0650000000000226 0.06400000000002137 -2.825762637449881 -2.5873357559268473
NGC5701 8.666000000000723 0.15700000000005154 0.14700000000004998 -3.0054320252863604 -2.6291464772525552
NGC5705 8.262000000000588 0.041000000000012804 0.04000000000001336 -2.7680549830138523 -2.5744599637638896
NGC5713 8.50800000000067 0.03200000000001069 0.03300000000001191 -3.0073314822677157 -2.590464220010641
NGC5719 -99.0 -99.0 -99.0 -3.4053741494837784 -2.538100582973395
NGC5728 8.647000000000716 0.0350000000000108 0.03600000000001202 -2.7622583319456298 -2.1215354463916722
NGC5740 8.555000000000685 0.023000000000006793 0.024000000000008015 -2.7684484213640337 -2.6246138897386686
NGC5746 8.616000000000707 0.009000000000003894 0.01000000000000334 -2.5909606621600743 -1.85073331783869
NGC5750 8.5960000000007 0.023000000000006793 0.022000000000007347 -2.8601512364769746 -2.1302661378297456
NGC5777 -99.0 -99.0 -99.0 -2.829315222112967 -2.4577111625657144
NGC5850 -99.0 -99.0 -99.0 -2.4555228057845024 -1.8644588173777343
NGC5899 -99.0 -99.0 -99.0 -2.4797229600762583 -2.067089748044546
NGC5907 8.485000000000664 0.029000000000010573 0.02800000000000935 -2.634346387508293 -2.4449169703746816
NGC6143 -99.0 -99.0 -99.0 -2.739566827270759 -2.5202925460298826
NGC6221 -99.0 -99.0 -99.0 -3.5428700885670352 -2.3525421878676616
NGC6300 -99.0 -99.0 -99.0 -2.7938529360147846 -2.41308040232614
NGC6673 -99.0 -99.0 -99.0 -5.237847831885006 -4.636393204034621
NGC6703 -99.0 -99.0 -99.0 -3.632376808884634 -2.2888395905615315
NGC6814 -99.0 -99.0 -99.0 -2.4180826075769684 -2.1771603318941386
NGC6822 7.886878968848049 0.08623177973546908 0.08623038535675429 -3.4631899187731787 -3.265749463500092
NGC6946 8.549000000000685 0.06400000000002137 0.06600000000002026 -2.8119559654196156 -2.25797285375006
NGC7090 -99.0 -99.0 -99.0 -2.569178772218805 -2.2697524530654056
NGC7172 -99.0 -99.0 -99.0 -2.65346817445756 -1.6220836901910411
NGC7314 -99.0 -99.0 -99.0 -2.6682038190819695 -2.3562608112049803
NGC7320 8.254000000000586 0.019000000000007233 0.02000000000000668 -2.772519628193105 -2.524063671790475
NGC7331 8.562000000000689 0.03300000000001013 0.03100000000001124 -2.4554658247554935 -2.2908610246785
NGC7463 -99.0 -99.0 -99.0 -2.9373800041872657 -2.702009783541906
NGC7465 -99.0 -99.0 -99.0 -3.1777409230558775 -2.921478797076012
NGC7552 8.530000000000678 0.01800000000000601 0.019000000000007233 -3.248685356182409 -2.3390346651436396
NGC7582 8.56500000000069 0.03400000000001313 0.03300000000001013 -2.728915340388661 -2.2791649532059215
NGC7625 8.589000000000699 0.06100000000002126 0.059000000000018815 -2.9695014762717404 -2.419782196681964
NGC7667 8.049674120037073 0.07800000000002427 0.07900000000002727 -4.252992953307273 -4.093186134091212
NGC7689 -99.0 -99.0 -99.0 -2.668998860662467 -2.446668759025976
NGC7690 -99.0 -99.0 -99.0 -3.1105380643157745 -2.7904070055469377
NGC7694 -99.0 -99.0 -99.0 -2.8989456449072835 -2.667832668173109
NGC7716 8.515000000000672 0.012000000000004007 0.018000000000007788 -2.883680444653214 -2.5364055739792977
NGC7721 8.497000000000668 0.00600000000000378 0.0070000000000014495 -2.5793405617778586 -2.338578833669267
NGC7755 8.509000000000672 0.009000000000003894 0.008000000000002672 -2.740757770466341 -2.4503726748439543
NGC7757 -99.0 -99.0 -99.0 -2.693498333244879 -2.4895512608622514
NGC7764 -99.0 -99.0 -99.0 -2.5317266557449556 -2.271851302770603
NGC7793 8.408000000000637 0.03300000000001191 0.03200000000001069 -2.5468140941778126 -2.3503399615730034
PGC008962 7.976000000000493 0.10500000000003507 0.10300000000003351 -3.8647301872268978 -3.6981289927837104
PGC009485 -99.0 -99.0 -99.0 -3.0344533355592596 -2.4799170022163106
PGC012608 -99.0 -99.0 -99.0 -3.8208186127490738 -3.6510289076610127
PGC028759 -99.0 -99.0 -99.0 -5.2609011027228165 -5.1355222328373
PGC029653 7.608432439963049 0.0969896538713347 0.09393933170212136 -4.584428146957244 -4.45065892659276
PGC039052 8.436000000000647 0.06700000000002149 0.06800000000002271 -2.8436418999538775 -2.4399904164143895
PGC039799 -99.0 -99.0 -99.0 -4.386788574241335 -4.2262618987717975
PGC040045 -99.0 -99.0 -99.0 -3.7978564321573867 -3.5391126939648414
PGC041994 -99.0 -99.0 -99.0 -4.121780338591498 -3.985879734004974
PGC042068 8.23900000000058 0.07200000000002404 0.0710000000000246 -3.427392347876451 -2.8234182501113123
PGC042160 8.169000000000558 0.044000000000014694 0.04200000000001225 -2.748353614372764 -2.468004056677362
PGC044532 7.968719119452794 0.04100000000001369 0.041000000000012804 -3.6190120755093944 -3.4521378557805407
PGC046875 -99.0 -99.0 -99.0 -3.301326897915017 -3.08409558519108
PGC065367 -99.0 -99.0 -99.0 -4.073869875000246 -3.9043485507496007
PGC072006 -99.0 -99.0 -99.0 -2.925426913802173 -2.7610922829089803
PGC090942 -99.0 -99.0 -99.0 -4.897328734242226 -4.7631948220735
PGC091228 8.160000000000554 0.11600000000003874 0.1120000000000374 -3.303790948040432 -3.1167464021537556
PGC166069 -99.0 -99.0 -99.0 -1.7334839006756735 -1.1316117242221646
PGC166071 -99.0 -99.0 -99.0 -3.4754037873763983 -3.1041000634964178
PGC166077 -99.0 -99.0 -99.0 -1.5575563265748766 -1.2051411218964558
PGC166755 -99.0 -99.0 -99.0 -2.8127708319611053 -2.590479490153967
PGC166861 -99.0 -99.0 -99.0 -3.423222820716253 -3.1765711093159514
PGC2807061 -99.0 -99.0 -99.0 -5.079565323033372 -4.914330246488108
SDSSJ121... -99.0 -99.0 -99.0 -3.822278844210251 -3.628536482496543
SDSSJ140... -99.0 -99.0 -99.0 -2.6127539335131136 -2.3243287281644256
UGC00300 7.981000000000495 0.0500000000000167 0.05100000000001703 -4.039225580113289 -3.863843713761215
UGC00313 8.304000000000602 0.15400000000005143 0.15500000000005087 -2.28236690954635 -1.8490380365580374
UGC00320 -99.0 -99.0 -99.0 -3.9784957034323534 -3.7837264577531315
UGC00772 -99.0 -99.0 -99.0 -4.376650031297056 -4.232942244370413
UGC00931 7.952000000000485 0.07500000000002505 0.07300000000002527 -2.892379937843517 -2.7283992210669568
UGC02392 -99.0 -99.0 -99.0 -2.9755364010954435 -2.7363296207563326
UGC02826 -99.0 -99.0 -99.0 -2.866168837237141 -2.4358868172904047
UGC03016 -99.0 -99.0 -99.0 -2.4121015145385543 -1.8562747991248532
UGC03701 8.360000000000621 0.03800000000001269 0.039000000000012136 -3.000381538155994 -2.7982134352209034
UGC04305 7.772000000000425 0.04800000000001603 0.049000000000016364 -3.8611137783115916 -3.698672833697104
UGC04483 7.588646139684629 0.07600000000002538 0.08000000000002672 -4.236132592585392 -4.100848467535977
UGC04549 8.47300000000066 0.06700000000002326 0.06800000000002271 -2.662664445089389 -2.4051242038246397
UGC04551 -99.0 -99.0 -99.0 -3.965161335856291 -3.122035448020427
UGC04684 8.350000000000618 0.06500000000002082 0.06400000000002137 -3.147096802022621 -2.9641381745526023
UGC05139 7.923000000000475 0.10400000000003473 0.10100000000003373 -4.55215010226504 -4.402228819867757
UGC05340 -99.0 -99.0 -99.0 -4.844089684071572 -4.702902695563995
UGC05373 7.694110191614436 0.08768853452675067 0.08751056888049717 -3.565741369289563 -3.3875858267548513
UGC05423 -99.0 -99.0 -99.0 -3.3762115773256465 -3.153296491323626
UGC05454 8.077000000000528 0.0710000000000246 0.0700000000000216 -3.7355939072360433 -3.5817797416364643
UGC05612 -99.0 -99.0 -99.0 -2.68738761320805 -2.4561822849816584
UGC05686 -99.0 -99.0 -99.0 -3.2210133202000715 -3.0641393659067355
UGC05689 -99.0 -99.0 -99.0 -2.751156984211252 -2.530990399166586
UGC05692 8.183000000000561 0.041000000000012804 0.04000000000001336 -2.310404064865287 -1.5833595889004428
UGC05720 8.42664393 -99.0 -99.0 -2.9873424008776928 -2.692306008636749
UGC05846 -99.0 -99.0 -99.0 -4.156987869546886 -4.0133782691654005
UGC05958 8.344000000000616 0.06700000000002149 0.06600000000002204 -2.3890595127049195 -2.0411589104599726
UGC05990 8.335000000000612 0.02700000000000813 0.02800000000000935 -2.4911360173771366 -2.211206327309051
UGC06016 8.044000000000516 0.06600000000002204 0.06400000000002137 -4.506630110680285 -4.362957144485045
UGC06023 8.430000000000645 0.009000000000002117 0.008000000000002672 -2.6183750960135113 -2.3410947125150843
UGC06324 -99.0 -99.0 -99.0 -2.616752338173454 -2.323942495564399
UGC06341 8.094000000000532 0.07500000000002593 0.07400000000002471 -4.094997784843006 -3.90410182554317
UGC06566 -99.0 -99.0 -99.0 -4.059423351360008 -3.915195049563244
UGC06575 8.191000000000564 0.07400000000002294 0.07000000000002515 -2.942466913148306 -2.746544824249111
UGC06879 8.395000000000632 0.06700000000002149 0.06700000000002326 -2.6282713170218246 -2.355182826317392
UGC06998 8.241000000000582 0.06100000000002126 0.06300000000002015 -3.4043521291694216 -3.2176553613315937
UGC07035 8.231000000000577 0.06300000000002015 0.06300000000002193 -2.9979297393817945 -2.6726722453860012
UGC07086 -99.0 -99.0 -99.0 -2.6134194284154173 -2.329097426391563
UGC07089 8.35294197 -99.0 -99.0 -2.279025205231705 -2.0600949815221585
UGC07094 8.19607254 -99.0 -99.0 -3.2342319193339626 -2.990552320454356
UGC07178 8.287000000000596 0.07400000000002294 0.08000000000002672 -3.8870546590844746 -3.718859256181127
UGC07184 8.246000000000583 0.03900000000001391 0.03900000000001391 -2.9768446862540734 -2.7810656060483514
UGC07249 8.044000000000516 0.0500000000000167 0.04800000000001603 -2.7723418016435986 -2.6082923989900344
UGC07321 8.190000000000564 0.07400000000002471 0.0710000000000246 -2.983691907784996 -2.7986002075933447
UGC07387 8.408000000000637 0.06800000000002271 0.07100000000002282 -2.514671265141658 -2.2034021106411026
UGC07396 8.20800000000057 0.0650000000000226 0.06700000000002149 -2.8533280579831484 -2.636797242631902
UGC07422 8.535000000000679 0.06400000000002137 0.06200000000002248 -2.7896442116185343 -2.1655356186475334
UGC07522 -99.0 -99.0 -99.0 -2.3653276407521338 -1.919450446282926
UGC07579 8.372000000000625 0.0650000000000226 0.06600000000002204 -2.547228433864199 -2.1961151491997257
UGC07596 -99.0 -99.0 -99.0 -3.158765568645185 -2.6709951849733917
UGC07636 -99.0 -99.0 -99.0 -3.6411974670768097 -3.2578886942078347
UGC07700 8.311000000000604 0.046000000000013586 0.04600000000001714 -3.067684694015673 -2.8806256746514616
UGC07795 7.932000000000478 -99.0 -99.0 -2.7400485546373554 -2.5630719839008864
UGC07802 8.26500000000059 0.06300000000002193 0.06300000000002015 -2.4969433519385054 -2.2072846510688873
UGC07982 8.470000000000658 0.06800000000002271 0.06500000000002082 -2.5248753270754727 -2.1567782031898086
UGC07991 8.284000000000596 0.06700000000002149 0.06900000000002393 -2.442530472642051 -2.0932281366696635
UGC08032 8.44500000000065 0.06800000000002271 0.06800000000002271 -2.319845976074811 -1.4549206678413613
UGC08042 8.362000000000622 0.06500000000002082 0.06400000000002137 -2.250165746762444 -1.940534326867057
UGC08181 8.008000000000504 0.12400000000004141 0.12200000000004074 -3.894380375115848 -3.700924905975671
UGC08201 -99.0 -99.0 -99.0 -3.385289432981036 -3.227952353539531
UGC08246 8.101000000000536 0.045000000000015916 0.044000000000014694 -2.8033403581678833 -2.6220669840400426
UGC08333 7.93800000000048 0.5740000000001917 0.5230000000001755 -2.965893043231879 -2.797775566790444
UGC08412 7.841000000000448 0.12100000000004041 0.12200000000004074 -3.348830696708989 -3.141580117132171
UGC08630 8.172000000000558 0.07200000000002404 0.06600000000002204 -3.054545498679418 -2.8413021446584787
UGC08662 8.152000000000552 0.034000000000011354 0.03200000000001069 -2.7527936564439295 -2.516155117120088
UGC08693 8.301000000000602 0.14900000000005065 0.14900000000004887 -2.7976439495349408 -2.552138706355024
UGC08756 -99.0 -99.0 -99.0 -2.923222460054491 -2.4572500261298544
UGC09242 8.164000000000556 0.06100000000002126 0.06100000000002126 -3.5046749253305007 -3.3324156919720855
UGC09299 8.186000000000563 0.01800000000000601 0.01800000000000601 -3.574348512578713 -3.4227264353664886
UGC09310 -99.0 -99.0 -99.0 -2.461917205344371 -2.2377223315692802
UGC09392 7.859000000000454 0.1270000000000424 0.12500000000004174 -3.3717124188402177 -3.1505105577332406
UGC09426 -99.0 -99.0 -99.0 -3.8646169813496694 -3.697136762468547
UGC09470 8.11800000000054 0.03200000000001069 0.03100000000001124 -3.0791486757158237 -2.859739291665565
UGC09482 8.109000000000538 0.04000000000001336 0.04200000000001225 -3.324102006821934 -3.152429615655128
UGC10854 8.125000000000544 0.09700000000003328 0.09800000000003095 -2.939958463741674 -2.740567109254829
UGC12160 -99.0 -99.0 -99.0 -3.5586669096325383 -3.335374422569491
UGC12313 -99.0 -99.0 -99.0 -2.7888546807943113 -2.6252341694529573
UGC12690 8.139000000000546 0.06500000000002082 0.06400000000002137 -3.5881469630005167 -3.4186454011642304
UGC12709 8.197000000000568 0.02800000000000935 0.026000000000006906 -2.8617099078355595 -2.6726725654915238