# logM* log10_ridge log10_mean log10_median log10_q84 log10_q16
8.600,nan,nan,nan,nan,nan
8.614,nan,nan,nan,nan,nan
8.627,nan,nan,nan,nan,nan
8.641,nan,nan,nan,nan,nan
8.654,nan,nan,nan,nan,nan
8.668,nan,nan,nan,nan,nan
8.681,nan,nan,nan,nan,nan
8.695,nan,nan,nan,nan,nan
8.709,nan,nan,nan,nan,nan
8.722,nan,nan,nan,nan,nan
8.736,nan,nan,nan,nan,nan
8.749,nan,nan,nan,nan,nan
8.763,nan,nan,nan,nan,nan
8.776,nan,nan,nan,nan,nan
8.790,nan,nan,nan,nan,nan
8.804,nan,nan,nan,nan,nan
8.817,nan,nan,nan,nan,nan
8.831,nan,nan,nan,nan,nan
8.844,nan,nan,nan,nan,nan
8.858,nan,nan,nan,nan,nan
8.871,nan,nan,nan,nan,nan
8.885,nan,nan,nan,nan,nan
8.898,nan,nan,nan,nan,nan
8.912,nan,nan,nan,nan,nan
8.926,nan,nan,nan,nan,nan
8.939,nan,nan,nan,nan,nan
8.953,nan,nan,nan,nan,nan
8.966,nan,nan,nan,nan,nan
8.980,nan,nan,nan,nan,nan
8.993,-0.747,-0.677,-0.850,-0.454,-1.641
9.007,-0.739,-0.670,-0.842,-0.448,-1.632
9.021,-0.731,-0.662,-0.834,-0.441,-1.623
9.034,-0.722,-0.654,-0.825,-0.433,-1.613
9.048,-0.712,-0.646,-0.816,-0.425,-1.603
9.061,-0.702,-0.637,-0.807,-0.417,-1.592
9.075,-0.692,-0.627,-0.797,-0.408,-1.582
9.088,-0.681,-0.618,-0.786,-0.399,-1.570
9.102,-0.670,-0.607,-0.775,-0.389,-1.558
9.116,-0.658,-0.596,-0.764,-0.379,-1.546
9.129,-0.647,-0.585,-0.753,-0.369,-1.534
9.143,-0.635,-0.574,-0.741,-0.358,-1.522
9.156,-0.623,-0.562,-0.729,-0.347,-1.509
9.170,-0.610,-0.550,-0.717,-0.336,-1.495
9.183,-0.598,-0.538,-0.704,-0.325,-1.482
9.197,-0.585,-0.525,-0.691,-0.313,-1.468
9.211,-0.572,-0.513,-0.678,-0.301,-1.455
9.224,-0.560,-0.500,-0.665,-0.289,-1.441
9.238,-0.547,-0.487,-0.652,-0.276,-1.426
9.251,-0.534,-0.474,-0.639,-0.264,-1.412
9.265,-0.521,-0.461,-0.625,-0.251,-1.397
9.278,-0.508,-0.447,-0.611,-0.238,-1.383
9.292,-0.495,-0.434,-0.598,-0.225,-1.368
9.306,-0.482,-0.421,-0.584,-0.212,-1.353
9.319,-0.469,-0.407,-0.570,-0.199,-1.338
9.333,-0.456,-0.394,-0.556,-0.186,-1.324
9.346,-0.443,-0.381,-0.543,-0.173,-1.309
9.360,-0.429,-0.367,-0.529,-0.159,-1.294
9.373,-0.416,-0.354,-0.515,-0.146,-1.280
9.387,-0.403,-0.341,-0.502,-0.133,-1.266
9.401,-0.390,-0.327,-0.488,-0.120,-1.253
9.414,-0.377,-0.314,-0.474,-0.106,-1.240
9.428,-0.363,-0.301,-0.461,-0.093,-1.227
9.441,-0.350,-0.288,-0.447,-0.080,-1.215
9.455,-0.337,-0.275,-0.434,-0.067,-1.203
9.468,-0.323,-0.262,-0.421,-0.054,-1.192
9.482,-0.310,-0.249,-0.407,-0.040,-1.181
9.495,-0.296,-0.235,-0.394,-0.027,-1.171
9.509,-0.283,-0.222,-0.381,-0.014,-1.161
9.523,-0.269,-0.209,-0.367,-0.001,-1.152
9.536,-0.256,-0.196,-0.354,0.012,-1.143
9.550,-0.242,-0.183,-0.340,0.025,-1.135
9.563,-0.229,-0.170,-0.327,0.039,-1.126
9.577,-0.215,-0.157,-0.314,0.052,-1.119
9.590,-0.202,-0.144,-0.300,0.065,-1.111
9.604,-0.189,-0.130,-0.287,0.079,-1.103
9.618,-0.175,-0.117,-0.273,0.092,-1.096
9.631,-0.162,-0.104,-0.259,0.106,-1.089
9.645,-0.149,-0.090,-0.246,0.119,-1.081
9.658,-0.136,-0.077,-0.232,0.133,-1.074
9.672,-0.123,-0.063,-0.218,0.147,-1.067
9.685,-0.109,-0.049,-0.204,0.161,-1.059
9.699,-0.096,-0.036,-0.190,0.175,-1.052
9.713,-0.082,-0.022,-0.176,0.190,-1.044
9.726,-0.069,-0.008,-0.161,0.204,-1.036
9.740,-0.055,0.006,-0.147,0.219,-1.028
9.753,-0.040,0.020,-0.133,0.233,-1.020
9.767,-0.026,0.034,-0.118,0.248,-1.011
9.780,-0.011,0.048,-0.104,0.263,-1.003
9.794,0.004,0.062,-0.089,0.278,-0.994
9.808,0.019,0.076,-0.074,0.293,-0.985
9.821,0.035,0.090,-0.060,0.309,-0.976
9.835,0.051,0.104,-0.045,0.324,-0.967
9.848,0.067,0.118,-0.030,0.339,-0.958
9.862,0.084,0.132,-0.015,0.354,-0.950
9.875,0.101,0.145,-0.001,0.369,-0.941
9.889,0.118,0.159,0.014,0.384,-0.933
9.903,0.135,0.172,0.028,0.399,-0.925
9.916,0.152,0.185,0.043,0.413,-0.918
9.930,0.169,0.197,0.057,0.427,-0.911
9.943,0.186,0.210,0.071,0.441,-0.905
9.957,0.203,0.222,0.084,0.455,-0.899
9.970,0.220,0.233,0.098,0.468,-0.894
9.984,0.236,0.245,0.111,0.481,-0.890
9.997,0.252,0.256,0.123,0.494,-0.887
10.011,0.268,0.267,0.136,0.506,-0.885
10.025,0.284,0.277,0.148,0.518,-0.884
10.038,0.299,0.287,0.159,0.529,-0.884
10.052,0.313,0.297,0.170,0.540,-0.885
10.065,0.327,0.306,0.181,0.551,-0.887
10.079,0.341,0.315,0.191,0.561,-0.890
10.092,0.354,0.323,0.200,0.570,-0.895
10.106,0.366,0.331,0.210,0.580,-0.901
10.120,0.379,0.339,0.218,0.588,-0.908
10.133,0.390,0.346,0.226,0.597,-0.917
10.147,0.401,0.353,0.234,0.605,-0.926
10.160,0.412,0.360,0.241,0.612,-0.937
10.174,0.422,0.366,0.248,0.619,-0.950
10.187,0.432,0.372,0.254,0.626,-0.963
10.201,0.441,0.378,0.260,0.633,-0.978
10.215,0.449,0.383,0.265,0.639,-0.993
10.228,0.457,0.388,0.270,0.644,-1.010
10.242,0.465,0.393,0.274,0.650,-1.028
10.255,0.472,0.397,0.278,0.655,-1.046
10.269,0.478,0.401,0.281,0.660,-1.066
10.282,0.484,0.405,0.284,0.665,-1.086
10.296,0.490,0.409,0.287,0.669,-1.106
10.310,0.495,0.412,0.289,0.674,-1.127
10.323,0.500,0.415,0.291,0.678,-1.149
10.337,0.504,0.418,0.292,0.682,-1.171
10.350,0.509,0.421,0.293,0.686,-1.193
10.364,0.513,0.424,0.294,0.689,-1.215
10.377,0.517,0.427,0.294,0.693,-1.237
10.391,0.521,0.429,0.293,0.697,-1.259
10.405,0.525,0.431,0.293,0.700,-1.281
10.418,0.529,0.434,0.291,0.704,-1.302
10.432,0.532,0.436,0.290,0.707,-1.323
10.445,0.536,0.438,0.287,0.711,-1.344
10.459,0.539,0.440,0.285,0.714,-1.364
10.472,0.543,0.442,0.281,0.718,-1.383
10.486,0.546,0.444,0.278,0.721,-1.402
10.499,0.549,0.445,0.273,0.724,-1.419
10.513,0.552,0.447,0.268,0.728,-1.436
10.527,0.555,0.449,0.263,0.731,-1.451
10.540,0.558,0.451,0.257,0.735,-1.466
10.554,0.561,0.452,0.251,0.738,-1.479
10.567,0.563,0.454,0.245,0.741,-1.491
10.581,0.566,0.455,0.237,0.744,-1.501
10.594,0.568,0.457,0.230,0.747,-1.510
10.608,0.570,0.458,0.222,0.750,-1.518
10.622,0.572,0.459,0.213,0.753,-1.525
10.635,0.574,0.461,0.205,0.756,-1.530
10.649,0.576,0.462,0.196,0.759,-1.534
10.662,0.578,0.463,0.186,0.762,-1.536
10.676,0.579,0.464,0.176,0.764,-1.538
10.689,0.581,0.466,0.166,0.766,-1.539
10.703,0.583,0.467,0.156,0.769,-1.538
10.717,0.585,0.468,0.145,0.771,-1.537
10.730,0.587,0.469,0.134,0.773,-1.534
10.744,0.589,0.471,0.124,0.775,-1.531
10.757,0.590,0.472,0.113,0.777,-1.528
10.771,0.592,0.473,0.102,0.779,-1.523
10.784,0.594,0.475,0.091,0.781,-1.518
10.798,0.596,0.476,0.081,0.784,-1.513
10.812,0.598,0.478,0.071,0.786,-1.507
10.825,0.599,0.480,0.061,0.788,-1.501
10.839,0.601,0.481,0.052,0.791,-1.494
10.852,0.603,0.483,0.043,0.793,-1.487
10.866,0.605,0.484,0.034,0.796,-1.480
10.879,0.607,0.486,0.026,0.799,-1.473
10.893,0.609,0.487,0.019,0.802,-1.465
10.907,0.611,0.488,0.012,0.804,-1.457
10.920,0.614,0.489,0.005,0.806,-1.449
10.934,0.616,0.490,-0.002,0.808,-1.441
10.947,0.619,0.490,-0.008,0.810,-1.432
10.961,0.622,0.489,-0.014,0.811,-1.424
10.974,0.625,0.488,-0.021,0.811,-1.416
10.988,0.628,0.487,-0.027,0.811,-1.408
11.002,0.631,0.484,-0.034,0.809,-1.401
11.015,0.634,0.481,-0.041,0.807,-1.394
11.029,0.636,0.478,-0.048,0.804,-1.387
11.042,0.639,0.474,-0.056,0.799,-1.380
11.056,0.641,0.469,-0.064,0.794,-1.374
11.069,0.643,0.463,-0.073,0.787,-1.368
11.083,0.644,0.457,-0.083,0.780,-1.363
11.096,0.645,0.450,-0.093,0.772,-1.358
11.110,0.645,0.443,-0.103,0.763,-1.353
11.124,0.643,0.435,-0.114,0.753,-1.349
11.137,0.641,0.427,-0.125,0.743,-1.346
11.151,0.638,0.419,-0.136,0.732,-1.342
11.164,0.634,0.411,-0.148,0.722,-1.339
11.178,0.628,0.403,-0.159,0.711,-1.337
11.191,0.622,0.395,-0.170,0.701,-1.334
11.205,0.615,0.388,-0.182,0.691,-1.332
11.219,0.607,0.381,-0.193,0.681,-1.330
11.232,0.598,0.374,-0.203,0.672,-1.329
11.246,0.590,0.368,-0.213,0.664,-1.327
11.259,0.581,0.363,-0.222,0.656,-1.326
11.273,0.572,0.358,-0.231,0.649,-1.325
11.286,0.564,0.354,-0.239,0.643,-1.324
11.300,0.556,0.350,-0.246,0.638,-1.323
