logM logGas
7.369223438062411 6.332367164189591
7.314312734631721 -20.0
7.387682366111534 -20.0
7.382755589020267 -20.0
7.294643658151503 -20.0
7.411163383683128 -20.0
7.450955141862002 7.359965020129322
7.539278380580032 7.112184521807437
7.577054251359831 6.7171945218201055
7.460568186719485 -20.0
7.40529617903835 -20.0
7.55521387935607 7.774997801247452
7.696975502766785 7.670995445190163
7.787242875931155 7.50126605350699
7.802224947853775 7.601829626130181
7.609505034864739 -20.0
7.4760791729746785 -20.0
7.216212590038979 -20.0
7.413329168945635 6.581244415959902
7.592198527718474 7.226227068319973
7.779077419066421 6.670471613013066
7.934711096431049 7.342073718965938
7.969553174550908 7.534995303137206
7.832445531520188 7.571839093513165
7.587868326810816 -20.0
7.251753013395546 -20.0
7.473145969329792 -20.0
7.781200361722939 -20.0
8.004124812589648 6.892361697959526
8.113051391620012 7.358258318914623
8.043225871983259 7.614437320167793
7.986870211209995 7.713426396486233
7.697803540780082 6.974818545644151
7.387335929675943 6.599398822070625
7.656664045183433 6.936274402893776
7.984160883353077 6.695297683485568
8.364201861134408 7.926542932901266
8.405323349979641 7.857581762516625
8.19031418772376 7.7652521482996475
8.05301174535324 7.65270777170213
7.410339743876679 6.710053158009277
7.781559170405399 7.3673815667398745
8.124679040369765 7.652414272356506
8.563664988553471 7.9816558020226935
8.869763966346243 8.5976275878175
8.340638086573577 8.145725986389962
7.974247839179645 7.401754418467435
7.745529638316931 7.083234517046861
7.580073665736898 -20.0
7.371838274388075 -20.0
7.852539933912701 7.4313257305975595
8.115721427099393 7.799693871658302
8.346547678631499 7.500000735282312
8.438609447257486 7.846203632785842
8.172943651749843 7.592451068139279
7.862708638998598 7.58501319787814
7.7232573821975254 -20.0
7.318169311591262 -20.0
7.812102919759912 7.348520324262542
8.11263425599179 7.7734786205663795
8.157727162346161 7.782631720263185
8.12802095088326 7.51642172674487
7.929520442160569 7.021475090903142
7.826214652738233 7.505240742432114
7.5651371189338334 -20.0
7.267560075139673 -20.0
7.6763239597587525 7.115035825382625
7.996372977686522 7.391199621828817
8.041895023527136 7.761773353265866
7.999383028635164 7.669985508202429
7.818824652567694 7.362520408846917
7.655451947532086 7.061067541666769
7.263509781101431 -20.0
7.502116873950931 -20.0
7.8617480914839035 7.373564723785604
7.916290773842468 7.657719519327212
7.866412934247525 7.172801499569444
7.681848622373634 -20.0
7.514284550575387 -20.0
7.190150539446822 -20.0
7.230920174537871 -20.0
7.591343080624525 -20.0
7.738843167216452 6.7515309300819
7.66588159932206 7.4100778904259945
7.608213965664459 -20.0
7.471858955201628 -20.0
7.272501700628613 -20.0
7.350044969505765 -20.0
7.403931430263485 -20.0
7.321550510285197 -20.0
7.062164695557896 -20.0
7.116439693692479 -20.0
7.127393146723517 -20.0
7.097512653444074 -20.0
7.233323766505046 -20.0
7.239817813815434 -20.0
7.451663879677459 -20.0
7.490133130659319 -20.0
7.499372313668654 -20.0
7.439694194226586 -20.0
7.494796351020696 -20.0
7.41416953809284 -20.0
7.327257078236652 -20.0
7.2653931073807305 -20.0
7.173475045767177 -20.0
7.286358004908573 -20.0
7.050314387975067 -20.0
7.244511870607813 -20.0
7.258119225206518 -20.0
7.303559620505033 -20.0
7.384707876152962 -20.0
7.447573190876114 -20.0
7.699412643200911 -20.0
7.725859355501798 -20.0
7.767457995034686 -20.0
7.762948497573445 -20.0
7.775193755256491 6.460105175934488
7.7650791491181455 -20.0
7.715168354305797 -20.0
7.707571117583151 -20.0
7.724333860789608 -20.0
7.479828593458319 -20.0
7.381286503669652 -20.0
7.366075896317883 -20.0
7.150115448716481 -20.0
7.16100636985755 -20.0
6.814387997998136 -20.0
6.968099558471744 -20.0
6.788038411330225 -20.0
7.312426649032573 -20.0
7.483734742370597 -20.0
7.53679288740471 -20.0
7.671318707934537 -20.0
7.878463548124101 7.1647192954583545
7.941278729249592 -20.0
7.890296968164653 6.374844545048194
7.886463327947849 6.766217381102584
7.8993518280348844 6.736880541158518
7.911224982028223 -20.0
7.889342719771601 -20.0
7.887577706447267 -20.0
7.881019563254688 6.596764000159409
7.7289369775723795 -20.0
7.642218879962313 -20.0
7.249166750098696 -20.0
7.158354511030646 -20.0
6.837753131437392 -20.0
7.009337992098636 -20.0
6.85152167749057 -20.0
7.422981861158841 -20.0
7.615501422607335 -20.0
7.826308761288697 6.532603550250573
7.98134288783533 7.118987292128037
7.864043547555517 6.523079038178783
7.877586848219196 -20.0
7.823889487486309 -20.0
7.85063366692991 6.595676131582195
7.8357569856586196 6.773392512645552
7.79517437255681 -20.0
7.778604669815114 -20.0
7.807922164607136 -20.0
7.880932554737325 -20.0
7.839720472432613 -20.0
7.840519360223575 -20.0
7.778102533147181 6.969252229479903
7.574797205245357 -20.0
7.380795330345569 -20.0
7.223667776458203 -20.0
7.102181530916111 -20.0
6.95558665797455 -20.0
7.577136718666281 -20.0
7.786641398265512 -20.0
8.094374500104683 7.579726706808636
8.135842648134435 7.078740793454716
7.968513827037503 -20.0
7.8983714212629055 -20.0
7.926536529673126 -20.0
7.897825029886907 -20.0
7.879897177426847 -20.0
7.873669183254044 -20.0
7.827327854878223 -20.0
7.665174296704105 -20.0
7.706066457018126 -20.0
7.767274269746649 -20.0
7.797619636444944 -20.0
7.843698489175623 -20.0
7.833795960850005 7.146053670787473
7.84345757117568 7.006356104837168
7.659156476857796 6.661137989956754
7.069307720428907 -20.0
7.765356456924677 -20.0
8.01375265244509 -20.0
8.27937068426332 7.584806318368475
8.216680498463145 -20.0
8.107996718157258 -20.0
8.051279178250134 -20.0
8.074900278007998 -20.0
8.054247667288045 -20.0
8.052236177115512 -20.0
8.001241480314276 -20.0
7.895106978391484 -20.0
7.851867947967554 -20.0
7.909490513002628 -20.0
7.899872412305222 -20.0
7.867012763324067 -20.0
7.9036458398807445 -20.0
7.888698754680091 -20.0
7.850169807902696 -20.0
7.814697350068979 -20.0
7.600107498514779 -20.0
7.3707297549465425 -20.0
7.205639111140532 -20.0
7.399861941316217 -20.0
7.41787026630986 -20.0
7.621846424600301 -20.0
7.732315237649568 -20.0
7.73440987784343 -20.0
7.8450959938667735 -20.0
8.096427193377016 6.727251357151832
8.380156629335424 7.675046029942698
8.38416967709918 6.887366302765262
8.279794876694858 -20.0
8.295704893492546 -20.0
8.388766702775662 -20.0
8.445552325915004 -20.0
8.470164450347225 -20.0
8.377910356485403 -20.0
8.22474695431298 -20.0
8.217184596803474 -20.0
8.180174624163723 -20.0
8.162631001256528 -20.0
8.092427293743741 -20.0
8.063897661011927 -20.0
7.983298188968974 -20.0
7.764385220822721 -20.0
7.836852822676863 -20.0
7.663773432278437 -20.0
7.491901994578054 -20.0
7.252339220769836 -20.0
7.4540938941487225 -20.0
7.477568484300982 -20.0
7.666944845629073 -20.0
7.801015882727215 6.778668454195903
7.80100957048231 -20.0
7.864751476414417 -20.0
8.02810630174344 7.313260374781848
8.305290002528901 6.937587625027194
8.360677406338024 7.629449802950016
8.405179427027933 7.228927335534695
8.463059233826543 6.72742588933166
8.568575742878028 -20.0
9.29889868611103 8.288365372024844
8.885118463345654 7.8168051905576945
8.58583198167351 6.598977648148104
8.485759041409887 -20.0
8.405685154827074 -20.0
8.327987591763318 -20.0
8.209399166489948 -20.0
8.169800572601865 -20.0
8.00174989837608 -20.0
7.857753114771199 -20.0
7.7796843143366186 -20.0
7.767819369045592 -20.0
7.684413563856961 -20.0
7.542349171025108 -20.0
7.2311464906274106 -20.0
7.349399873445675 -20.0
7.656993472584644 -20.0
7.888520273181965 7.256444565688557
7.948259480355326 6.936490933611698
7.930425363297081 -20.0
7.965975421099983 6.701136488761536
8.08774915024434 6.8070779068367555
8.139601800461081 -20.0
8.220564065590827 6.465508563745344
8.37317222012561 7.2738516119635355
8.55515397389237 6.553065673444486
8.853821575808306 7.804712443532088
9.48486492403658 8.606185848745717
8.968637736593433 7.817591055541642
8.641596012272379 6.800546314065762
8.59137728629205 6.46333848815153
8.57921392945389 7.124613572202169
8.522075368349565 7.135770868119149
8.469212858116926 7.511531635662945
8.3539813050759 6.90129775638116
8.144506483613334 -20.0
7.771368982052939 -20.0
7.752809395344296 -20.0
7.695691526058097 -20.0
7.593590452848506 -20.0
7.132794637663544 -20.0
7.357422509299964 -20.0
7.5465728375056615 6.482744021135798
7.820199332365507 7.326315280460679
7.940775175113812 7.095987867081874
7.92470610595141 7.361759513550461
7.911457185292703 6.637031359724625
7.974243246707434 -20.0
7.995615510573093 -20.0
7.9878654427013425 -20.0
8.126246614432368 -20.0
8.246470720537095 -20.0
8.406146072999471 -20.0
8.492031481860945 -20.0
8.509990287874084 -20.0
8.429551310737612 -20.0
8.451856712152791 -20.0
8.504376047548298 -20.0
8.527051440860335 -20.0
8.52624659188934 6.737499945417879
8.432985400725759 7.913498605308324
8.184889983811154 -20.0
7.873747300894651 -20.0
7.7163657203053715 -20.0
7.681361193314686 -20.0
7.50489648436515 -20.0
6.848897598397909 -20.0
7.134071394137832 -20.0
7.356700539196236 -20.0
7.60784608282383 7.161880331474685
7.863372017619058 7.360216494507554
7.947826698742532 7.477972772904807
7.9820227184336945 7.1731069841744635
8.020113289347828 7.236674617226782
7.982968533324281 -20.0
7.973970447847304 -20.0
7.982214436341698 -20.0
8.061202445079232 -20.0
8.094756428827232 -20.0
8.148697654870942 -20.0
8.160415294634209 -20.0
8.279518791120072 -20.0
8.323015883321899 -20.0
8.394857390874407 -20.0
8.41379980630878 -20.0
8.407714354152938 7.783222753738624
8.250836129573946 6.760056245189288
7.8443798601034205 -20.0
7.67013266168491 -20.0
7.639234891220239 -20.0
7.590911497690211 -20.0
6.456428041095579 -20.0
6.952257151261967 -20.0
7.110730127287177 -20.0
7.391882231544609 -20.0
7.54745242255586 -20.0
7.797395692947139 6.829653768508595
7.959970814599904 7.170462712339463
8.015575687258348 7.203688452366613
8.001566591206933 -20.0
8.06676667748258 7.062314312048729
7.9989827750616405 6.525536582164778
7.965967337991557 6.711987433686321
7.961742318779509 -20.0
7.97853603385403 -20.0
8.001311544093534 -20.0
8.022876095681958 -20.0
8.037123564026516 -20.0
8.060676275836801 -20.0
8.189300891112055 -20.0
8.223328671340829 -20.0
8.253539288676809 7.632316080313097
8.048603065373074 7.0834492141645224
7.80398961844831 -20.0
7.6952159030093865 -20.0
7.608699367619224 -20.0
7.577801585375252 -20.0
7.531409808933827 -20.0
7.661128918323497 -20.0
7.72856368455063 -20.0
7.799854099009628 6.663586339892496
7.884173921526272 6.826295883095884
7.930750079411475 6.505165153083567
7.87123457624135 -20.0
7.891854199194631 6.5996111888947615
7.907298334483489 -20.0
7.926802499603935 -20.0
7.943203956356738 -20.0
7.964494381405218 -20.0
8.001463469055096 -20.0
8.02646535542136 -20.0
8.08286431769669 7.076629599392893
8.126424859805262 7.27962459448405
8.067590711990865 7.565374485075718
7.460335862485519 -20.0
7.62184286816843 -20.0
7.634136184891836 -20.0
7.693409912921075 -20.0
7.755716967937348 -20.0
7.725919620286794 -20.0
7.79646664659972 6.840921332083231
7.8428334024895285 7.109169912124944
7.860226055028048 7.1099448442774404
7.915890741035316 6.960709392443676
7.941718874980564 7.1329778751093365
7.968772564716054 6.635733894588149
8.003969188321145 7.145808339930907
8.075197482329097 7.60488493647204
7.958490887653294 6.872836968458262
7.425480411022886 -20.0
7.57950703151759 -20.0
7.572856852593356 -20.0
7.611328542416383 -20.0
7.652525859040138 -20.0
7.571203183019796 -20.0
7.550801318248122 -20.0
7.563164228475805 -20.0
7.741556749467603 -20.0
7.774268919215215 -20.0
7.837629132910635 -20.0
7.89383077146252 6.680652136421601
7.834253146220655 7.080968476208225
7.67165359012644 -20.0
7.505520965648811 -20.0
7.376422448055425 -20.0
7.4135851644699216 -20.0
7.413960357601578 -20.0
7.487341696660442 -20.0
7.525751902754648 -20.0
7.368204903279729 -20.0
7.259340832014914 -20.0
7.276277172845593 -20.0
7.505746680875184 -20.0
7.473586325506871 -20.0
7.5445884577777225 -20.0
7.585479092028746 -20.0
7.54702890665881 -20.0
7.486450913687996 -20.0
7.460992430413382 -20.0
7.7571124739359565 -20.0
7.86970089812024 -20.0
7.966332850485145 -20.0
7.9293578100988045 -20.0
7.883482997974432 -20.0
7.762786823418765 -20.0
7.644457725970663 -20.0
7.575889148558496 -20.0
7.567820977841912 -20.0
7.63739237087667 -20.0
7.6867849060926146 -20.0
7.686040972242951 -20.0
7.685968150328912 -20.0
7.647985267236385 -20.0
7.717617208492846 -20.0
7.652812308626848 -20.0
7.633194238151942 -20.0
7.4932967878863845 -20.0
7.472166278848014 -20.0
7.436011316485369 -20.0
7.349963457331827 -20.0
6.993121200830236 -20.0
7.793213792136759 -20.0
7.9131449757331325 -20.0
8.012005240627005 -20.0
7.990587530247839 -20.0
7.896037917763433 -20.0
7.7339593592572635 -20.0
7.664987694964757 -20.0
7.658997318415885 -20.0
7.747814579444636 -20.0
7.721801680041389 -20.0
7.707851845828919 -20.0
7.7905311096175796 -20.0
7.7496202398602065 -20.0
7.7170400278260525 -20.0
7.657732549048077 -20.0
7.5601630837387495 -20.0
7.635997008464409 -20.0
7.104864689928466 -20.0
7.870734461410115 -20.0
8.004983165745415 -20.0
8.028158723521715 -20.0
8.009039981312869 -20.0
7.911631604451071 -20.0
7.827054399685642 -20.0
7.6822174921430575 -20.0
7.753652299460192 -20.0
7.769948231758464 -20.0
7.772785354693048 -20.0
7.728230796939028 -20.0
7.7584491493963155 -20.0
7.721473527430298 -20.0
7.7459479107272085 -20.0
7.781790867674073 -20.0
7.705222826504828 -20.0
7.723983453693448 -20.0
7.631966336242341 -20.0
7.552870774915703 -20.0
7.602128173067523 -20.0
7.471129525726367 -20.0
7.131810965794809 -20.0
7.9564443486657925 -20.0
8.099640120588667 -20.0
8.055385986889428 -20.0
7.897701198407423 -20.0
7.904420125696479 -20.0
7.782590719070205 -20.0
7.844662523893152 -20.0
7.931072551221654 -20.0
7.844780021962339 -20.0
7.821403186165297 6.092221915445144
7.782146271942473 -20.0
7.764610167605182 -20.0
7.786042516928193 -20.0
7.734150645963017 6.2977013739889385
7.772240351453496 7.216637355619537
7.712512601058 -20.0
7.6705081647670585 -20.0
7.6586507846413685 -20.0
7.324251194060855 -20.0
7.184716784115211 -20.0
8.005483520371241 7.464212258567708
8.128529096109023 7.330723758669873
8.048658438985571 -20.0
8.213873712168354 6.5172856937670645
8.15161577268488 6.415001060178304
8.027160218257908 -20.0
7.929549189136221 -20.0
7.830099497250144 -20.0
7.839917170764935 6.4082598340799635
7.842992090015986 7.142334810480962
7.798189115480922 6.857840428021448
7.7729492971114515 6.8078366643013
7.640626926344048 -20.0
7.523959411011282 -20.0
7.4425494907521275 -20.0
7.326664032751757 -20.0
7.257909870606123 -20.0
7.367884912984996 -20.0
7.465647820840507 -20.0
7.674361867758599 -20.0
7.896789002703413 -20.0
8.127822228649652 8.023820477077779
8.150899412714205 6.905634655362284
8.153392065917977 -20.0
8.185265759700384 -20.0
8.28006563187949 -20.0
8.6199258086007 7.814135485955004
8.538497339263914 7.313415569699912
8.299623676696346 6.817107288725456
8.167064970349593 -20.0
8.093310544370159 7.458686609195921
8.063086542675453 7.199106565149132
8.05795925430351 7.109756603186995
7.957226584666929 6.835126496630605
7.900062240343709 6.447291897285992
7.697257164016316 -20.0
7.567729728964271 -20.0
7.417930424207673 -20.0
7.243321450178324 -20.0
7.286269596518056 -20.0
7.384948239233268 -20.0
7.505272734603058 -20.0
7.769399536514911 -20.0
7.970596484616366 -20.0
8.173752753519793 8.127974514179774
8.247787370729997 6.735098379127345
8.921202692035015 8.136742536084482
9.027252286354981 8.310259224193699
8.827776509443856 8.287783175715628
8.581916378181267 7.785631723366235
8.400265804270214 7.6099787378864905
8.345862261797288 7.291688493269221
8.355408831761766 7.740062371929466
8.195893623356529 6.535738717115539
8.120342932130113 7.129610027810201
7.990269946663277 6.698438285469005
7.701746953911709 -20.0
7.48600031979324 -20.0
7.51817374604293 -20.0
7.236372522891076 -20.0
7.224387636691372 -20.0
7.322856778884049 -20.0
7.5458040939015 -20.0
7.846595167152291 -20.0
8.039887640223162 -20.0
8.231957696333362 8.09382702934654
9.446751817613983 9.273836417363936
9.218738418444978 9.290753268697655
8.561674658567114 7.7395441173192605
8.4086437262808 -20.0
8.398084884028743 7.42707649776198
8.310377021616727 6.694209997739405
8.141067936754702 7.2211612216038
8.0812829838447 6.938887219905131
7.860489975018503 -20.0
7.6241092555628915 -20.0
7.459175291472827 -20.0
7.215823806257177 -20.0
7.2403250335170455 -20.0
7.319377280791202 -20.0
7.477655020838415 -20.0
7.7935277405104095 -20.0
8.087498186423474 7.225667131435723
8.195152478891366 8.012685088841666
8.39115867976719 7.964281854725273
8.44196957565182 7.5142730596437985
8.515656198485093 7.493127525001242
9.23642790824705 8.938727051844841
9.166124317427743 8.623581443445728
8.311360880664365 6.805773464035937
8.150924984355129 6.816036353149593
8.10268988675644 7.121976081465094
7.838736047728576 -20.0
7.631231254644941 -20.0
7.3022717847794985 -20.0
7.170819740354958 -20.0
7.190419352996663 -20.0
7.3925152527122915 -20.0
7.506220898981076 -20.0
7.791067761544769 -20.0
7.985572892432563 6.870541230421312
8.067872408558259 7.211696042636968
8.180037335258687 7.30452883348297
8.270452565549228 7.303463948138406
8.361677896006546 7.971937174975035
8.498117357776913 7.841928059535539
8.61768156269594 8.590107931614057
8.815471034932495 8.63541024157387
9.001418383817905 8.98922024988262
9.049135240463936 8.83184047719951
8.846400047454416 7.768792403260125
8.628862931281153 7.225174994194428
8.232129605334942 7.010383767827001
8.119138246606441 6.627601940349722
8.023102085558591 -20.0
7.742593454398579 -20.0
7.621559753875431 -20.0
7.413232906591925 -20.0
7.245383621346281 -20.0
7.145000269541068 -20.0
7.33825402554731 -20.0
7.658699526892094 -20.0
7.7130476061392645 -20.0
7.951731797814601 -20.0
7.950706987783169 7.07611488119025
8.016475791835283 6.41746506733353
8.037763153854735 -20.0
8.096837498062422 -20.0
8.23465646354812 7.272357970543857
8.385637681520828 6.859689924205533
8.611119801697768 7.692767157195979
8.759689058538163 7.484508811234939
8.702446393601152 7.563292794501992
8.531378547351261 7.407303211906367
8.138200701277862 -20.0
8.128399424529194 -20.0
8.176238884394335 6.905129152266666
8.171050229322773 7.320922352251155
8.094221309580306 7.568667793012242
7.956057326471626 7.32045440952241
7.754351627252259 -20.0
7.6598071231442555 -20.0
7.410395163969143 -20.0
7.296165242831433 -20.0
7.118823749318656 -20.0
7.232668378268561 -20.0
7.402861361738721 -20.0
7.592195283082266 -20.0
7.813840782687523 6.707929670480911
7.837236370460181 7.598095733094002
7.808442449368988 -20.0
7.824806601024587 -20.0
7.859007405207788 -20.0
7.976034652296514 -20.0
8.145094202701701 -20.0
8.2948481375651 -20.0
8.383433661359396 6.4763840080935156
8.107953994420805 -20.0
8.040667458829018 -20.0
7.987402739561205 -20.0
8.034971262086962 -20.0
8.1000841834186 6.8691246127790295
8.121423668660922 6.985859774341839
8.06912658828273 7.4470102012197845
7.129469067776078 -20.0
7.263741208186592 -20.0
7.3516487349873865 -20.0
7.511904228945045 -20.0
7.701445473669624 -20.0
7.712244268384542 6.8186377276804295
7.738155655591401 7.392828022803936
7.728127095558467 6.561805596223924
7.736871729682666 -20.0
7.777637419321888 -20.0
7.884145576379352 -20.0
7.965731734535935 -20.0
8.010624160871277 -20.0
7.9876990256203255 -20.0
7.889463344515241 -20.0
7.837772327923789 -20.0
7.871805491239706 -20.0
7.967564342011799 -20.0
8.048668641513398 -20.0
8.06711486864979 -20.0
8.003697088735512 -20.0
7.1161616621214465 -20.0
7.135346291327934 -20.0
7.2244400570761185 -20.0
7.619345913461277 -20.0
7.599359880498534 -20.0
7.6253192800851055 6.696571867900659
7.623051312988492 -20.0
7.627522716554852 -20.0
7.733940657923563 -20.0
7.733528904361911 -20.0
7.762759478883583 -20.0
7.784491102397503 -20.0
7.751867249935709 -20.0
7.745663929086788 -20.0
7.855879947840153 -20.0
7.950378696744801 -20.0
8.027997261443678 -20.0
8.012235441159762 -20.0
7.915658791359599 -20.0
6.973640699566173 -20.0
7.0924211214570505 -20.0
7.1751897225791605 -20.0
7.306828152430873 -20.0
7.480349859022152 -20.0
7.482367958695161 -20.0
7.4631310726930336 -20.0
7.540960807198731 -20.0
7.559057598861343 -20.0
7.5838880844563645 -20.0
7.572012585009079 -20.0
7.65003024791719 -20.0
7.690428425170209 -20.0
7.65387347477826 -20.0
7.698065217420836 -20.0
7.776214281658526 -20.0
7.896769167790575 -20.0
7.950093682953004 -20.0
7.946863695176639 -20.0
7.782262991016248 -20.0
7.0206337372352 -20.0
7.132952477980006 -20.0
7.025641919024957 -20.0
7.1707760635893525 -20.0
7.31368543904201 -20.0
7.246288332745716 -20.0
7.35567107243747 -20.0
7.413551977036472 -20.0
7.471298516172366 -20.0
7.476964104182951 -20.0
7.534551123015 -20.0
7.541427400766727 -20.0
7.545349817541369 -20.0
7.581628464540088 -20.0
7.612249980433335 -20.0
7.684985708335878 -20.0
7.808369845433021 -20.0
7.873475729955436 -20.0
7.930092613066596 -20.0
7.835270887432828 -20.0
7.5831691901558305 -20.0
7.213849842333453 -20.0
7.21383511189657 -20.0
7.2400660315334235 -20.0
7.377081548536881 -20.0
7.42374817192874 -20.0
7.604682537229373 -20.0
7.08143233992114 -20.0
7.264973357212559 -20.0
7.484084241384369 -20.0
7.577294571941855 6.939277359816118
7.641717820336017 -20.0
7.634092412564422 6.536522587255607
7.5698940016537035 -20.0
7.56111381161019 -20.0
7.2950430159319115 -20.0
7.464508259058143 -20.0
7.606060184451014 7.245906106806091
7.730434716053386 7.22933038708513
7.701059295676341 6.87172027808396
7.707440404742171 7.011456563056117
7.667424380942349 6.673559789092093
7.57579072353841 -20.0
7.298600573846502 -20.0
7.083160403155105 -20.0
7.521949903200483 -20.0
7.679604346227439 7.018871000219853
7.715340527761781 6.509121807910235
7.8022262118857135 -20.0
7.917364775836084 7.556528007355614
7.958588955840076 7.383501096718467
7.801326831627848 -20.0
7.588514263112058 -20.0
7.145693794205212 -20.0
7.460599274634735 6.65118465424033
7.621734398340358 7.3192600229865254
7.794039322455718 7.2242917376704145
7.924308944095299 7.196421607905104
8.103382165411702 7.512607037813666
8.165370204750033 7.7281213472104975
7.974889353319 7.019751104652753
7.541439095160379 -20.0
7.111792853567551 -20.0
7.085416065837705 -20.0
7.382919831481075 -20.0
7.6296719684999275 7.53483905057655
7.888999538671569 7.434357514228023
8.210177295403271 7.872232661921012
8.338811584165898 7.462713061139407
8.31675469364201 7.957971358167978
8.10005269789181 7.601534169417332
7.584136375989626 -20.0
7.097098381055979 -20.0
6.97235605494358 -20.0
7.431415489508209 6.575697281882054
7.701865143814008 7.451425550925445
8.041683643895157 7.530476729424994
8.48077957744884 8.040852819283064
8.76346001506364 8.033012608592994
8.6160704606455 8.188694974964655
8.18313956189247 7.997662102305701
7.536816352591588 -20.0
7.191656946427321 -20.0
6.888440420629287 -20.0
7.423705944926393 6.6587055700443845
7.784865934020338 7.896683260868469
8.086024942328699 7.679594346957004
8.266801091962012 8.2313764388725
8.570186291339128 8.151480980443992
8.462383868372381 8.072558312145697
7.916026253730188 6.985359040614568
7.476303622668556 -20.0
7.133684591579927 -20.0
6.758010570041493 -20.0
7.270900215217408 -20.0
7.721053858839652 7.054837746219602
8.020425483823137 8.062551259359523
8.061724518793055 7.923938068854969
8.153711570475679 8.131495039459027
8.05666495651465 7.50027195267574
7.716052079276103 7.032842231082832
7.395371812411787 -20.0
7.026706164032335 -20.0
6.50267356410002 -20.0
7.080251142499993 6.542806399154
7.524403547845218 -20.0
7.842490709944837 7.851108398527668
7.8264344850432055 7.34371490851131
7.876387830187976 7.524406586276813
7.767774361807758 7.274569325258723
7.591648804254268 -20.0
7.230625780237827 -20.0
7.104316232025437 -20.0
7.433171485498812 -20.0
7.670280841811077 7.944131989808771
7.71612963467573 6.831134901565171
7.6730864036964785 6.407046461717047
7.594313393939432 -20.0
7.347435302056895 -20.0
7.474168046614942 7.342219710818195
7.588757105724508 7.253675978722385
7.523454589328308 -20.0
7.404738971591657 -20.0
7.024478130036621 -20.0
7.234434317689711 -20.0
7.424099634348506 6.70751948287325
7.420807679545856 -20.0
7.325351874030564 -20.0
7.017091914238393 -20.0
7.172789681407191 -20.0
7.285364582851515 -20.0
7.244590257612684 -20.0
7.100112734051678 -20.0
7.394174868012395 -20.0
7.392376028131146 -20.0
7.530152657401992 -20.0
7.620288416555657 -20.0
7.776943416709673 -20.0
7.789945174983123 -20.0
7.829680219494254 -20.0
7.807928900448111 -20.0
7.835069346042521 -20.0
7.822523984178281 -20.0
7.83441708146613 -20.0
7.840610571452903 6.638359544133697
7.85616715263638 6.769924511529667
7.818170534849048 -20.0
7.754840222050416 -20.0
7.69064828784531 -20.0
7.53478897901313 -20.0
7.5005687903445 -20.0
7.508116982813619 -20.0
7.47723298145381 -20.0
7.457336040928065 -20.0
7.453747242425242 -20.0
7.5139573381949045 -20.0
7.370446290701894 -20.0
7.199404391500982 -20.0
7.179163376216878 -20.0
7.30426596956874 -20.0
7.4153618858970605 -20.0
7.575020584201915 -20.0
7.724178158626508 -20.0
7.87317091878835 -20.0
7.94027065749772 -20.0
7.954360604945248 -20.0
7.975584292210902 -20.0
7.994001656844106 -20.0
7.97804868946727 -20.0
7.998534524986366 6.799775451682742
7.9289437073164635 -20.0
7.893996898937865 -20.0
7.869009792407314 -20.0
7.831917503873947 -20.0
7.685275042626571 -20.0
7.6223608887450665 -20.0
7.599940013878745 -20.0
7.547573186528902 -20.0
7.724216137971916 -20.0
7.509352118050111 -20.0
7.451391098522193 -20.0
7.301537808464388 -20.0
7.2250802049185765 -20.0
7.455275517725144 -20.0
7.587368748156411 -20.0
7.683478750806152 -20.0
7.862933467757322 -20.0
8.009087600924477 -20.0
8.012580219828186 -20.0
8.053859086769915 -20.0
8.102400439161661 6.756754116567657
8.086037484327383 6.981378626421471
8.0896753159859 6.8066126422790845
8.049089755930764 -20.0
7.994788330308929 -20.0
8.014418070422902 6.801062003926633
7.9859960311077804 6.922047879308776
7.9710435804968105 -20.0
7.9477154977456745 6.743184167789044
7.858495433881656 -20.0
7.819864409738174 -20.0
7.723835712674984 -20.0
7.62899230356972 -20.0
7.564739510927388 -20.0
7.577479359685463 -20.0
7.560200563343698 -20.0
7.4375216095157635 -20.0
7.341116844034917 -20.0
7.467051532727528 -20.0
7.585368453209088 -20.0
7.717486301063136 -20.0
7.935750749689264 -20.0
8.065569735052584 -20.0
8.103081984524733 -20.0
8.198350477824755 -20.0
8.208321368626256 6.858335796445756
8.156481584187908 -20.0
8.094720764279979 -20.0
8.111262634247034 -20.0
8.096309193830404 -20.0
8.054061418535191 -20.0
8.064875348166156 -20.0
8.019199352214724 -20.0
8.026113289356847 -20.0
8.03986668410622 -20.0
7.990153648918775 6.972398231384565
7.932917385726804 -20.0
7.872001576964219 -20.0
7.622361746795477 -20.0
7.550076805337605 -20.0
7.514578723877128 -20.0
7.5521610557276135 -20.0
7.524377840553436 -20.0
7.353493408757794 -20.0
7.460115290890841 -20.0
7.773770512206139 -20.0
8.005124942524015 6.701020678570046
8.15643718604672 6.930177308313614
8.211490657509248 -20.0
8.297003901723436 7.118137368541832
8.268429828690158 -20.0
8.208083632156454 -20.0
8.223777434430634 -20.0
8.241967351316628 -20.0
8.28246301518709 -20.0
8.278784828235587 -20.0
8.237825520446837 -20.0
8.172554183946147 -20.0
8.135216884861913 -20.0
8.081134394549647 -20.0
8.07876060441755 -20.0
8.064135097535722 -20.0
7.97144187814214 -20.0
7.727939923908327 -20.0
7.60734935112291 -20.0
7.523767575424848 -20.0
7.562261915984227 -20.0
7.601234338283621 -20.0
7.352330093768376 -20.0
7.595762085763438 -20.0
7.608703149263297 -20.0
7.763489995284883 -20.0
7.983804344744062 -20.0
8.128691266371794 7.210398647329415
8.188375727034618 6.838644728274902
8.263002209273212 -20.0
8.257827277237622 -20.0
8.266226555677704 -20.0
8.38117226195342 -20.0
8.49396978504628 -20.0
8.550701053972919 -20.0
8.547439848606041 -20.0
8.462188711211981 -20.0
8.380404456451174 -20.0
8.267655266866221 -20.0
8.23250893317663 -20.0
8.219124491949792 -20.0
8.181190342220495 -20.0
8.074617986157689 6.910417512081866
7.866685039416755 6.909870065147233
7.702254069690552 -20.0
7.615735950120276 -20.0
7.578420060240989 -20.0
7.578732362858615 -20.0
7.422840072415791 -20.0
7.5553042184219015 -20.0
7.605938740739721 -20.0
7.792182647628354 -20.0
8.020276119891086 6.896458796261891
8.16501711761607 7.2165878244645185
8.30303308455685 6.942663369997598
8.424910091306414 -20.0
8.430626736545667 -20.0
8.466992026219192 -20.0
8.607262068442704 -20.0
8.746952943821995 -20.0
8.910315315026603 7.611632404400956
8.972664428383398 8.161106991721125
8.796944411924933 7.821810450891599
8.64020127707473 7.331327846410468
8.373869962546886 -20.0
8.363953390286987 -20.0
8.326719933282625 -20.0
8.21359935453333 6.9820433593300635
7.989832270901052 7.174664453962958
7.793178056671384 7.00575065687914
7.656835342272192 -20.0
7.561250122421598 -20.0
7.544678585209665 -20.0
7.349510000074247 -20.0
7.41787259615915 -20.0
7.595484614189332 -20.0
7.747039185240386 -20.0
8.007672520737307 -20.0
8.196133551454063 7.209518438892074
8.307120921402625 7.135341654099793
8.488689093261883 6.9990320053419035
8.543790411430836 -20.0
8.611644287591197 -20.0
8.742350771693621 -20.0
8.938777411951436 -20.0
9.5208178640941 8.485785075635816
9.704348516716669 8.528637872887732
8.97800476875382 7.559230944074768
8.777866340466487 -20.0
8.698285003966957 6.829865509248882
8.579720888095 6.81947073838544
8.506834436327924 -20.0
8.433310810755517 6.955472457116944
8.294955029482258 6.944716857117991
8.11942646406551 -20.0
7.8730761614791716 7.001518448284127
7.619151337941887 -20.0
7.516945291425911 -20.0
7.4882875630608945 -20.0
7.263975649360835 -20.0
7.354698481339669 -20.0
7.542915543018829 -20.0
7.760660774394583 -20.0
7.9486112513635465 -20.0
8.121031470008218 6.950370732566586
8.237367287767352 -20.0
8.356843812382717 -20.0
8.393186891824666 -20.0
8.497278809468135 -20.0
8.695349497728987 6.97567600428922
8.930967701312696 7.509953765836612
9.382873963219271 8.406793845624302
9.373728152785864 8.318017273087642
8.926163926497827 -20.0
8.761951028921183 -20.0
8.705959947122222 -20.0
8.641573203116142 -20.0
8.60560969965737 -20.0
8.46710621183382 6.895294689297654
8.39098296686978 7.531415909557256
8.124880034966067 7.354400487818562
7.882807313969503 -20.0
7.572012577252874 -20.0
7.435952248634576 -20.0
7.363667738250715 -20.0
7.376165328674204 -20.0
7.4747977508213745 -20.0
7.665628271676552 -20.0
7.859005555632849 -20.0
8.007226010799014 -20.0
8.10696744070422 -20.0
8.142236253912937 -20.0
8.190794396432247 -20.0
8.27774828557994 -20.0
8.469636267333374 -20.0
8.665136694960353 6.888511638736173
8.796607670422052 7.2271458736567
8.793105211746337 -20.0
8.690383240678786 -20.0
8.590820469792757 -20.0
8.534057522048482 -20.0
8.525100413192643 -20.0
8.50810175162643 -20.0
8.401462762313827 6.941868126408492
8.351916196860888 7.113940173438977
8.136495204641486 7.343150573076451
7.848046276024283 -20.0
7.59064019216556 -20.0
7.3838576189670535 -20.0
7.334718811114411 -20.0
7.520284813955516 -20.0
7.5466972968210655 -20.0
7.613621692504385 -20.0
7.763077992244672 -20.0
7.87906307118393 -20.0
7.913690314865709 6.938775204341779
8.07023372011233 6.920561933788527
8.102722395573315 6.645639687865211
8.12827817586113 -20.0
8.123626868369707 -20.0
8.271330446511051 -20.0
8.390536387169847 -20.0
8.470229877139337 -20.0
8.497649272916483 -20.0
8.459484574406758 -20.0
8.38628673313253 -20.0
8.354125495539538 -20.0
8.36300463155563 -20.0
8.33356050615709 6.61985939476082
8.311235129185375 6.94757354993291
8.249705433740036 6.898242185947206
8.104900009336845 7.156379344076352
7.928599019903623 -20.0
7.64701738851841 -20.0
7.419829779585865 -20.0
7.401903381177944 -20.0
7.611046040988979 -20.0
7.7155232285294195 -20.0
7.737176945315279 -20.0
7.83329854048605 -20.0
7.890049593262287 -20.0
8.016742800936868 6.893161988244847
8.094561380667288 -20.0
8.099458311054894 6.652693810941745
8.090246529244396 -20.0
8.183116133090683 -20.0
8.23017024022086 -20.0
8.315327463290892 -20.0
8.310399845782172 -20.0
8.321571020300718 -20.0
8.248934967297485 -20.0
8.267025831390688 -20.0
8.24638321670247 6.635217111303534
8.239757423742699 6.792977283589507
8.232072454853686 -20.0
8.17303778585329 -20.0
8.058417737413645 6.947176015029756
7.8930935091794225 -20.0
7.751973714039426 -20.0
7.614239413437575 -20.0
7.497912388181944 -20.0
7.572649629109866 -20.0
7.695029375137485 -20.0
7.708811907454392 -20.0
7.759619721589534 -20.0
7.778715075729353 -20.0
7.806885753282609 -20.0
7.834294191029932 6.788071395164413
8.062263053670087 -20.0
8.088952939981255 6.612518906186891
8.153492974172922 6.921825402930209
8.169570300288537 6.7179370485939325
8.177211016771103 6.508980257095391
8.170225700444455 6.530514056399295
8.18425751317441 -20.0
8.181782446151379 -20.0
8.132744778589696 -20.0
8.159485663616213 -20.0
8.149653241272906 6.646976407516682
8.139619604232909 6.7922062707527555
8.037958655335787 6.462716413210637
7.930036284572384 -20.0
7.732966215601458 -20.0
7.6309054334576425 -20.0
7.548607626363034 -20.0
7.407787055660758 -20.0
7.507719677587736 -20.0
7.614833089336572 -20.0
7.661408146832301 -20.0
7.783396032507851 -20.0
7.7591283560938376 6.764682526046391
7.6666457506771355 -20.0
7.718529127138548 -20.0
7.822002378163659 6.748572282850226
7.8956389745653155 -20.0
8.001904110825716 6.966333506417666
8.070200114463296 6.829202262898601
8.099238372857569 6.776050972494932
8.088951079191391 -20.0
8.101419691571179 -20.0
8.144864380018188 -20.0
8.093963494616533 -20.0
8.103066284774796 -20.0
8.082625037838502 -20.0
8.034746936236367 6.816907762538723
7.954739424913891 -20.0
7.922861232042002 -20.0
7.758069915450875 -20.0
7.654765762477959 6.742734875485519
7.609147688929378 -20.0
7.545596037474698 -20.0
7.4355210790589 -20.0
7.396510771839676 -20.0
7.523680262725133 -20.0
7.5851807757553535 -20.0
7.729143777326166 -20.0
7.693690180773724 -20.0
7.480444485896679 -20.0
7.5134536860844605 -20.0
7.678087361706345 -20.0
7.741151840717546 -20.0
7.805072746787491 -20.0
7.966311175843359 -20.0
8.032547214266271 -20.0
7.99978494136142 -20.0
8.004269266018328 -20.0
7.990026782567028 -20.0
7.9962539826491605 -20.0
7.962246990309745 -20.0
7.899521630622067 -20.0
7.808134654331528 -20.0
7.784177863355855 -20.0
7.759864053723889 -20.0
7.696732579068496 -20.0
7.672184011854876 -20.0
7.525164479485274 -20.0
7.435601820190194 -20.0
7.326892462882729 -20.0
7.347775429518521 -20.0
7.296653457505519 -20.0
7.442650227321699 -20.0
7.576511515367838 -20.0
7.577180446751156 -20.0
7.3970924061745915 -20.0
7.500050418246081 -20.0
7.539687602480233 -20.0
7.634128298259272 -20.0
7.586547050833791 -20.0
7.876497323077931 -20.0
7.911281925436763 -20.0
7.8813236617152285 -20.0
7.838875919085349 -20.0
7.841804110387818 -20.0
7.854103615803525 -20.0
7.833390502699383 -20.0
7.7509991950061625 -20.0
7.672794804241903 -20.0
7.7073352123365195 -20.0
7.667951470219008 -20.0
7.662630860779731 -20.0
7.521031202946962 -20.0
7.4919430084829495 -20.0
7.3256784131170125 -20.0
7.229767453393232 -20.0
6.7003079181881064 -20.0
7.0180884960106305 -20.0
7.064687039411413 -20.0
7.044761435734121 -20.0
7.1086701415221665 -20.0
7.189949167074309 -20.0
7.2530739637354955 -20.0
7.365089091861664 -20.0
7.479540506159566 -20.0
7.590972947047635 -20.0
7.699340066042451 -20.0
7.625160300128008 -20.0
7.627144213376144 -20.0
7.567274574184016 -20.0
7.545808726973261 -20.0
6.944306552711672 -20.0
7.04297294666102 -20.0
7.041476688215339 -20.0
7.132312904919838 -20.0
7.299142237822263 -20.0
7.347586725869575 -20.0
7.44204385564685 -20.0
7.643396123325651 -20.0
7.740917598148959 6.897204709397425
7.831292966617419 -20.0
7.897353787377834 -20.0
7.918711931467478 -20.0
7.876777957234748 -20.0
7.779850800959877 -20.0
7.653578523096272 -20.0
7.564523225147912 -20.0
6.94585933135156 -20.0
6.967559285560901 -20.0
7.04525320173989 -20.0
7.1864084105585375 -20.0
7.469265784774438 -20.0
7.555074458053847 -20.0
7.709091075428592 6.7178877092804345
7.848783965149887 6.732558905676292
7.946917463724098 6.60037573390988
8.023296157356615 -20.0
8.123311603880623 6.800886963239486
8.163464573441868 6.911334663272813
8.121274113218272 6.9637547167647735
7.967097971452649 6.701707868422213
7.776820648510151 -20.0
7.718026485696736 -20.0
7.051499405289868 -20.0
7.228117881578867 -20.0
7.21660823625753 -20.0
7.498224867992377 -20.0
7.640076456839757 -20.0
7.76591474073324 -20.0
7.9042422915775 -20.0
7.993723815585326 -20.0
8.049705051669594 -20.0
8.179530972902663 -20.0
8.291896625920947 6.866024835507694
8.367640122284477 7.127991793087994
8.28470278368986 7.261549242325061
8.095004115087795 6.970115414771238
7.903488618039768 6.494845575180577
7.7631679275319945 6.705046158830732
7.187594375578387 -20.0
7.297350530655846 -20.0
7.508321063530917 -20.0
7.91056559179207 -20.0
8.024026339578024 -20.0
8.114725025940437 -20.0
8.1997075246643 -20.0
8.319181278138796 -20.0
8.427022024910091 -20.0
8.492066358766824 6.696574671372039
8.423323041143728 7.069759419534642
8.204870224527195 7.10355747884443
7.94425770905587 -20.0
7.83558346515794 7.021934440317834
7.187410004189171 -20.0
7.329681372343442 -20.0
7.907292860459075 -20.0
8.224638606520243 -20.0
8.355605714536365 -20.0
8.469615116207052 -20.0
8.51575680344916 -20.0
8.475696139977233 -20.0
8.341395721860252 -20.0
8.221776332037367 6.966098152571986
8.012816650380621 6.905814861547126
7.7310330126151845 -20.0
7.209544908740023 -20.0
7.4505363839452 -20.0
7.642901994744784 6.517432185286468
7.735480938088702 6.597990812297809
7.866664770480284 -20.0
8.02239755483776 -20.0
8.260732490949236 -20.0
8.52738886069909 -20.0
8.698668136140002 6.639217522353291
8.685024884583878 -20.0
8.559046870745162 -20.0
8.431313509858146 -20.0
8.232495134368026 -20.0
8.199800638024334 6.954845045378227
7.987250202396048 7.089186243520563
7.7302917642604525 -20.0
7.287022937126808 -20.0
7.563244966442954 -20.0
7.734588121913861 6.834921942163192
7.852602792492984 -20.0
7.956785304980176 -20.0
8.583153454021552 -20.0
9.004712916008017 7.993168053143394
9.235494778392393 7.995386870745705
8.894707600060736 -20.0
8.588193442647569 -20.0
8.35272550507107 -20.0
8.147875265025833 6.625051299087561
8.104852020086462 6.938393303092099
7.927968782597686 6.74960208642116
7.682184625196152 -20.0
7.329225865529045 -20.0
7.647883499012415 6.566938965302152
7.818758346630588 6.70447896830593
7.946779172202101 -20.0
8.07107467915612 -20.0
8.41314264356353 -20.0
9.238306288728491 8.150580792456271
9.495980266058684 8.356622944742805
8.821967713928638 -20.0
8.441827472769914 -20.0
8.212802214742966 -20.0
8.08081531954834 6.655920341646418
7.976296143123022 -20.0
7.808507631241251 7.038475730820735
7.600266029230484 6.324760102071539
7.418977423492544 -20.0
7.7357131862811945 6.953298398418283
7.920990015318284 7.113251983795803
8.011693980681367 -20.0
8.202720557754875 -20.0
8.463001063800583 -20.0
8.703163621507498 -20.0
8.836574591111704 -20.0
8.775260350104253 7.139342643681071
8.484930805024444 -20.0
8.19240336693798 -20.0
8.080227386538692 -20.0
8.006010546746591 -20.0
7.9067862784624126 -20.0
7.665361165608321 6.892078509833502
7.4618125487347875 -20.0
7.520013812278467 -20.0
7.823616103863266 -20.0
8.015293903172724 7.231445875506811
8.121762531151187 -20.0
8.278737838078529 -20.0
8.456074770822083 -20.0
8.540569208517738 -20.0
8.497310012360318 7.432151895285542
8.349865160304663 -20.0
8.144531730094105 -20.0
7.944725592402883 -20.0
7.959854168487724 -20.0
7.954029224161695 6.593434353482346
8.008503426817192 6.897547730300889
7.532904205991158 -20.0
7.313802787468363 -20.0
7.324284044308318 -20.0
7.761816121825568 7.000100342813058
8.06706135322719 7.39630590787805
8.220163839291965 7.057078110874647
8.38394998976927 -20.0
8.430602222569295 -20.0
8.40798014834014 -20.0
8.260356419358322 -20.0
8.139960950011659 -20.0
8.000655394918486 -20.0
7.936650022068496 -20.0
7.957338224846142 6.742450570009188
7.9143004852073595 6.832111267915416
7.732312748486016 6.492082407325947
7.417808006725753 -20.0
7.259979072535467 -20.0
7.633023885522634 -20.0
7.9338054245102745 6.648224403787826
8.182210496556356 7.33585536829272
8.308000809443941 7.3310858397132765
8.274944561014268 -20.0
8.179036655595517 -20.0
7.968323606876159 -20.0
7.936327196871733 -20.0
7.8707679965759905 -20.0
7.91119604349229 6.496904707441634
7.777234688796954 -20.0
7.539059480410378 -20.0
7.239437613232968 -20.0
6.866999757841326 -20.0
7.283110098909769 -20.0
7.416157172380218 -20.0
7.644608420981397 -20.0
7.890909393469549 6.5163414467035325
7.991582592556247 6.989031000661675
8.032360536349048 6.677183814461232
7.985618096121807 -20.0
7.955548867263038 -20.0
7.767283115713815 6.614081010799649
7.554562807718851 -20.0
7.394863807935448 -20.0
7.133252095554537 -20.0
7.019115438769194 -20.0
7.1403875588200005 -20.0
7.243520034664689 -20.0
7.4641914483389336 -20.0
7.584434586557846 -20.0
7.814871811083533 -20.0
7.852811283045508 6.837581997828362
7.810244182970156 -20.0
7.738191278575645 6.967538311714767
7.680235421004453 6.942220564743671
7.54657582888784 6.540926278834274
7.42556455559698 -20.0
7.188532760596731 -20.0
7.155669787912158 -20.0
7.006122474031158 -20.0
6.914592079936324 -20.0
6.937837712273532 -20.0
7.089564712492097 -20.0
7.253077107778078 -20.0
7.35810916532222 -20.0
7.487273101008146 -20.0
7.563549216484037 -20.0
7.603686007165131 -20.0
7.652850844262337 -20.0
7.590387708763915 6.6602771728968095
7.3759684036952295 -20.0
7.200796516207566 -20.0
7.0803167286440045 -20.0
7.103596285034652 -20.0
7.047973822074973 -20.0
6.931741670529535 -20.0
6.887560651571793 -20.0
7.514164798143444 -20.0
7.775646991700689 6.856724567833177
8.115166028096835 7.283466795104408
8.098632558315767 7.109026716735067
7.939609234920009 7.062666503323371
7.854862905551509 7.090627650898405
7.796281889748694 7.238773227931755
7.729761071948906 7.127390393142063
7.837889813799173 6.73638213623427
8.08093885733662 6.929543854125929
8.252137121207438 7.35247162250906
8.265513946431662 7.5880208054349225
8.178559274655438 7.371704150807432
7.9801590948787915 6.898551765335545
7.901598842227927 -20.0
7.889550101002268 6.7769452974900135
7.784128700758723 -20.0
7.68400893381416 7.225601155032321
8.060535846021637 7.291192286179841
8.272511916640044 7.468100987363148
8.392789707686106 7.576103239029846
8.335022273055738 7.441181860941109
7.945219410085839 7.026366723432966
8.062166176779865 6.743640435903784
7.912568078993888 7.016928974155658
7.812662047567142 6.5188964193738395
7.732250761305388 6.473097441580127
8.226220084753509 7.473852214760938
8.447765316091731 8.238912321633574
8.464800640619083 7.986433207574942
8.385991208118922 7.210349094583526
8.247376833544992 6.780577109115276
8.094948117502398 6.817556443130414
7.999459589595908 7.013821272891644
7.924746273649866 7.25579450439455
7.852328469416931 7.036917633838879
7.779217914401766 6.677251975569799
8.315405254061151 7.702182524898498
8.470271678658825 8.231862372514273
8.447931444603862 7.165446263011776
8.52326908380554 7.324740920257884
8.675219018253534 7.532067841471079
8.489804857642243 7.345215571714711
8.199947399494295 7.282702244337867
8.019198843990448 6.860126890906912
7.832839502951552 -20.0
7.401068972602356 -20.0
7.652231923979074 -20.0
7.936692537137265 7.1480108265436275
8.256339831771072 7.943354822773605
8.367530045741645 8.077385185693398
8.42050630476899 7.639376534857179
8.713074465308305 7.827367357172087
8.960837879012724 8.24976857699012
8.82083278123849 8.14914454305665
8.554546547346387 8.152869956408137
8.326999595836762 7.594921394757033
8.208045088828632 7.062990870769917
7.906528628306215 6.801039092082001
7.747052521265652 -20.0
7.644423054092163 -20.0
7.472719952535499 -20.0
7.6898203419991695 7.041518773426568
7.9757635194515615 6.9177672624430615
8.270561409193503 7.768139895043606
8.35404699575511 8.258698865313695
8.56519976823562 7.845156437534271
8.989605875716073 7.807957868081073
9.363784597280516 8.131302162139527
9.078521517647816 7.584268674354758
8.619173593245398 7.416736223623686
8.435589065159053 8.275492282079721
8.268037225830202 7.366899029590662
8.004816805073789 6.917970892642676
7.753380570729995 -20.0
7.6635233957391655 -20.0
7.393595004085099 -20.0
7.621832848412948 -20.0
7.991747772236467 6.715007118483871
8.251761789654282 7.570466385789605
8.404767343060096 8.296066059947732
8.632380673587587 7.563431236986674
9.965434646432788 8.822738589077346
9.289632334804104 7.694754813194798
8.65365306658902 6.831860368081124
8.43233466695302 8.180940050013389
8.31423980653818 8.145352152067357
8.039724104112606 7.053437022588424
7.757796670157265 -20.0
7.618526693540024 -20.0
7.386992174608492 6.709431811539738
7.664674393909231 6.803672668103217
7.832387101068401 6.811021247483442
8.200377901565021 6.404643577814968
8.352576179238898 8.203645147953479
8.605442442741738 7.808737264603314
9.00544528508738 6.920456617569567
9.335718042370406 7.977469284888703
9.033224787813252 7.494975942743384
8.59921693228254 6.972418266917066
8.41919967852079 8.131384565607156
8.315527986367416 8.019204527088895
8.052595332425605 6.839871292141745
7.765556731969041 6.678309114201106
7.579549531322963 -20.0
7.447644329691639 -20.0
7.603023742364461 -20.0
7.823282496838417 6.721504417334462
8.114690574953618 7.151877402757852
8.319869648258916 7.448646588458786
8.506315892870134 8.31280812210618
8.797228183582318 8.051833542385358
8.937817101713767 7.986963376080789
8.773438322720738 7.668620643647122
8.54327262467189 7.398846063715677
8.419710107621334 7.984475613569675
8.322571183686911 7.912646506739202
7.964927321472873 7.022678878849393
7.7053877387412095 -20.0
7.651713016548696 -20.0
7.8728485165727085 6.96072013962475
8.1517581943326 7.079203172054096
8.345370889117913 7.268917510745452
8.537200559686392 7.9474522763106945
8.635962635342626 7.864126814443451
8.638995153049144 7.631358548792186
8.470759335419517 7.494406025080067
8.399643565991264 8.177850470723923
8.266164768346114 7.3941645435076975
7.92580387083563 6.96096179546325
7.911072336508603 7.141733917729416
8.157335311256313 7.04443324490557
8.29201488631605 7.109120801412174
8.364227990767152 7.165034464726787
8.426733729040881 7.25460239520776
8.418000274061484 7.538013040995991
8.360002474022219 8.180870503208594
8.137272878894384 7.6452654914263
7.815700443913472 6.523647356889825
7.702096740389542 6.909841871915488
7.783434873380882 6.50512426211924
7.948308294807104 6.358166131758874
8.073606373057716 6.953692138632811
8.322098797558276 6.859377639692685
8.378225074049357 8.041708945292232
8.198692175083437 6.876822656291307
7.999702640607392 7.178466194470984
7.595819368382742 -20.0
7.69964873141059 7.02035246450633
7.7285018986694425 7.099303983545105
7.921459722657142 7.355050218887795
8.063923459699229 6.856080134067191
8.298719027094378 7.572189444045242
7.9292558817580945 7.127784889434145
7.693854554017861 6.288962755369417
7.494207724442586 -20.0
7.674400424437203 -20.0
7.8117758461616384 -20.0
7.819506296692618 6.636140912943542
7.9310972138245255 -20.0
8.045038842572275 7.599098177181837
8.143200281865973 7.9222199668845255
7.96373284699037 7.525947897355322
7.686561160939088 6.626977827896446
7.583300829343326 -20.0
7.328751877423281 -20.0
7.6683692088857125 7.1543155145010635
7.780028255192111 6.793739903055733
7.875003152084281 7.0625370484176955
8.068731483322898 7.1700403705613205
7.95254440738234 7.65045784204591
7.589596951581079 6.522116886166776
7.717829009886259 6.852065810782433
7.8138365411828365 7.027730272528727
7.836166621840745 7.028782080554622
7.792143313347006 7.288776203817966
7.710715955238101 6.845879525166815
7.578288524930743 -20.0
7.671165636884272 7.029398234930363
7.647468225841173 -20.0
7.211119474960012 -20.0
7.266114309083322 -20.0
7.343990041942049 -20.0
7.34640238259238 -20.0
7.351870764277353 -20.0
7.2659942797198935 -20.0
7.1274782045590355 -20.0
7.081741979317784 -20.0
7.061893747979167 -20.0
6.929550412848674 -20.0
7.7896005124668655 -20.0
7.810826374287157 -20.0
7.7429154939834755 -20.0
7.761060034010428 6.089341969363891
7.6894999031467455 -20.0
7.644380982895523 -20.0
7.618535553207837 -20.0
7.666021090035785 -20.0
7.55051810974759 -20.0
7.399308792587928 -20.0
7.387772908669319 -20.0
7.405348297730378 -20.0
7.376876156736025 -20.0
7.4891444947834085 -20.0
7.548088557791854 -20.0
7.696851672887479 -20.0
7.738229080004184 -20.0
7.813218675647431 -20.0
7.875675949854143 -20.0
7.837635140281127 6.506247710964358
7.92825754759432 7.2991166628031525
7.935637573501616 7.238071309893918
7.917288670999711 7.065286431146148
7.899961747925137 6.456831536605634
7.8706839266389 6.949588532579245
7.773042762003938 -20.0
7.721346553995333 -20.0
7.654131507369081 -20.0
7.747821536809113 6.780038287932824
7.685570014794904 6.181856217659451
7.579172996907508 -20.0
7.302075744995932 -20.0
7.4643738517143765 -20.0
7.454207313179627 -20.0
7.682591232224582 -20.0
7.680331590044845 -20.0
7.825031837267394 -20.0
7.918527911719491 6.9792001302955144
7.958339675560795 6.620671150357552
7.9886265312791 6.7204981210100465
7.974841271729521 -20.0
8.09817237151918 7.2057081847520355
8.049967394213848 7.255997022621558
8.016460296754301 7.199488424628324
7.872398976062818 7.141499602855052
7.749240235416171 -20.0
7.762302545977446 7.111053506568864
7.734938348076812 6.620359826755867
7.602483976117029 -20.0
7.342631374745919 -20.0
7.373900987378418 -20.0
7.5594122512484025 -20.0
7.71362881374158 -20.0
7.901245524066302 -20.0
8.021243170303585 6.935038106853374
8.069820171889743 6.77094813207769
8.114109938409499 -20.0
8.20301948625387 7.302460637358037
8.257572332232217 7.330863163613974
8.33628548667674 7.296115896805507
8.408631395098913 7.716224282722702
8.340320115458425 6.973491574687661
8.261962684692518 7.20148502877702
8.14965124788655 -20.0
8.119175433055789 -20.0
8.13020172178243 7.680494255230691
8.030881236541713 7.6025685481327985
7.8915577380032085 7.243938563765757
7.780449375944375 7.4432303695902196
7.728670332752316 7.044488369446862
7.676728183269808 6.23055649274491
7.409527461355454 -20.0
7.516596294211217 -20.0
7.703975842527974 6.645899324309447
7.949951347005803 6.929559388500624
8.113527276383433 7.357643112697072
8.18952769303145 7.390554072486513
8.198410093149437 7.758198635902356
8.305240663187764 7.229442285478001
8.38635756037564 8.003679901673957
8.594985335101088 8.197212063663006
8.755100728679741 8.39252566045456
8.878527563607161 8.274368391981985
8.702829451876392 7.490997913272466
8.515885278774489 6.946108549497661
8.316590296052519 6.508108671752499
8.261962883871005 6.662392323031608
8.271893355491754 7.364243502245671
8.18568466092054 7.580089286113692
8.014440440878039 7.615039168021395
7.865334903370031 7.486587175382566
7.740918951300232 7.2234464015452655
7.711475179005294 6.388704397721403
7.368949545852899 -20.0
7.622072862679557 -20.0
7.857346064274975 7.186284707107836
8.035255023344888 7.619069266169958
8.151670961299748 7.948463081964981
8.294982494281324 7.847072709859376
8.353433552851454 7.7282667022114415
8.410369876106804 7.442956502861486
8.56390387934018 7.8503963701145025
8.762176630667616 7.962108900993105
9.064499771223923 8.725058911145357
9.7098725149905 9.288955585678318
9.09944460632539 8.56112001559479
8.756456723982446 7.606508447837624
8.538194135956727 6.686296528206072
8.452496131688104 7.316406030261679
8.403790450201857 8.048375030909709
8.31655459549913 7.668783354940765
8.100525273277244 7.475411164631578
7.922671708093201 7.800970201760751
7.792665686218188 6.90100947520557
7.724983552034852 -20.0
7.597947151711176 6.525785405364415
7.776743264905238 7.481192546632667
7.918480697073544 6.962401181338314
8.017152039412073 7.604165529508177
8.039794035551573 7.846574438549328
8.182418492910084 7.310669276861987
8.30606607322476 -20.0
8.455122505436572 6.821419284793447
8.668777009539099 7.4563705578991035
8.956641213589583 8.357881515844179
9.361170186853576 9.006600184408507
9.078993744686482 8.733190074097354
8.793090036846651 8.146998501016961
8.573353848415522 7.850648222555122
8.433538117108348 7.887329104555787
8.3432053100335 7.860741224241956
8.26060176574214 7.356649551583743
8.099123102272543 7.16680861490826
7.865677408934588 -20.0
7.759680421609781 -20.0
7.622878802629591 -20.0
7.814351030841998 -20.0
7.999728306833093 7.210915432425336
8.044294027769995 7.749188347752923
8.008668433299649 7.438713421777854
8.057694794627173 6.636064635212159
8.146958651416425 7.187973281458441
8.212317544665652 7.230253803176275
8.264951038353672 6.804079827505836
8.394084217552106 -20.0
8.582731920346978 6.68362058506694
8.68850252992102 -20.0
8.652629079746744 8.099604685479804
8.483388043505965 7.902829287077309
8.302680386216105 -20.0
8.262654517863616 -20.0
8.161157598881378 -20.0
8.100614034114278 6.479059773975314
7.998951708811641 7.224792375050361
7.897361174926321 7.329519195968347
7.78572594449493 -20.0
7.5796425752064245 -20.0
7.63781528276433 -20.0
7.846150868993915 -20.0
8.002718378878342 7.617951935763063
7.980777038104259 7.600506893032469
7.887250713058289 7.355692511016665
7.910111791264035 6.845011328484398
7.974029865860816 6.89940005372133
8.04723864613735 7.43278322513319
8.05637869865452 7.234244319962923
8.133729970738056 -20.0
8.20801025893389 -20.0
8.265067287501548 6.494144407129353
8.257814624661941 -20.0
8.144220759648515 -20.0
8.079138583983292 -20.0
8.074114848837318 7.044936612065689
7.993459232939067 7.053657027792513
8.02097724854332 7.151617260136856
7.95807128362211 7.453946139881699
7.839539069791281 7.2721169643418815
7.6896774015967635 6.580414196201329
7.533640668616526 6.427820187859521
7.669357447728503 -20.0
7.872048581027384 6.512389848141357
8.018816514843635 7.9699731697087515
7.995428466156722 7.565988255590379
7.8139283064377905 6.82197871765754
7.849453115299219 6.717153859436629
7.835749217095628 6.748386832844976
7.956977323259127 7.440769419584845
7.939839398887582 6.758063697929839
7.947579501883888 7.251203762475033
8.031868323272194 7.3708566498026755
7.99575556991957 7.1229877784902556
7.963757623459322 7.160561650056865
7.9271745394865185 7.579710202112715
7.9604538369064635 7.642082030782498
7.933395207975038 7.361080293216049
7.818671093246466 7.293365796280892
7.711111032010539 6.9584380200770575
7.552399877202876 -20.0
7.581386327269847 -20.0
7.435694112965996 -20.0
7.674001707523693 -20.0
7.831303564091273 -20.0
7.94844022581434 7.883294131732524
7.92880680677473 7.638218322586249
7.829407925779096 6.697979116499942
7.748609285597911 6.944244115853543
7.807032900642803 7.257517870739031
7.800106837231157 -20.0
7.829324961719931 6.5848907512963235
7.879966973509001 6.980595720791831
7.893530109123938 7.354151602541085
7.8992896269270645 7.354875394059135
7.854872588582164 6.96046113127645
7.875996345328825 6.958559551900626
7.800255314964722 -20.0
7.6970061358465545 -20.0
7.684204854615895 -20.0
7.520877099376214 -20.0
7.575672491206381 -20.0
7.50781454199137 -20.0
7.621496149276886 -20.0
7.749536613808749 -20.0
7.912095367187242 6.926600048842702
7.9380031539877365 7.556522978990923
7.818771119951953 -20.0
7.71102453410199 7.075336940836315
7.685338704489657 6.742290448814467
7.699152232268658 6.832087586271572
7.735831845140931 -20.0
7.742648083396249 6.236969447460315
7.745653766357115 -20.0
7.714341885433473 -20.0
7.906485286660301 6.913719691987794
7.660043854550631 -20.0
7.57840110179487 -20.0
7.485408438432172 -20.0
7.285040613026248 -20.0
7.568128440512517 -20.0
7.185609330463794 -20.0
7.079914518041119 -20.0
6.9368955105623105 -20.0
7.172788094171155 -20.0
7.346949687783576 -20.0
7.84664653324578 -20.0
7.870554924334252 -20.0
7.502374971407983 -20.0
7.278586217094527 -20.0
7.164096490990872 -20.0
7.296609792233915 -20.0
7.572086367498871 -20.0
7.94055670331413 -20.0
8.137632014088917 -20.0
8.123184721669755 -20.0
8.065688742752817 -20.0
7.410485723962733 -20.0
7.6149082318256776 -20.0
7.969394340960109 -20.0
8.399259873068123 -20.0
8.107137814453461 -20.0
7.851859000298 -20.0
7.016503618090667 -20.0
7.399814054647676 -20.0
7.79196422407409 -20.0
7.9781687036051006 -20.0
8.363709497193552 -20.0
8.50070668194341 7.359609954221802
8.130095608959763 -20.0
7.907243086177124 -20.0
7.597863185103214 -20.0
7.347527838261555 -20.0
7.075995429273782 -20.0
7.395247405404086 -20.0
7.880952336262368 -20.0
8.102733040980791 -20.0
8.14934811356887 -20.0
7.934469467434571 -20.0
7.8583789682221115 -20.0
7.623658035527839 -20.0
7.233555631857457 -20.0
7.663502153621518 -20.0
7.9004999200404065 -20.0
8.095302481898111 -20.0
8.055521946525863 -20.0
7.847793475253529 -20.0
7.579987667195063 -20.0
7.387564872352691 -20.0
7.283226696065525 -20.0
7.404359975105615 -20.0
7.809601855827601 -20.0
7.728291266623941 -20.0
7.590385195187188 -20.0
7.258629638904464 -20.0
7.413748302138822 -20.0
7.533504123065121 -20.0
7.578263608906701 -20.0
7.59205666393283 -20.0
7.657651144609679 -20.0
7.822698677887547 -20.0
8.031266769829628 6.990371704181462
7.947716832950682 -20.0
7.728981012418578 -20.0
7.738382692432734 -20.0
8.34504482013195 6.897627886301693
8.284339735297188 6.868771641327485
8.225906146887747 7.0336136571365335
7.993786423998764 -20.0
7.820765103173008 6.862407569445076
7.84035770644307 6.620226891260875
8.248352345505024 7.16609348088943
8.589174140783584 6.922041599144564
8.6570528010015 -20.0
8.631612366900976 -20.0
8.204781708275105 7.142787180300492
7.918964819042778 6.971182881804082
7.9540766552566735 7.0970117767227725
8.380268694808112 7.332594799976372
8.780833440286955 -20.0
9.260361899285845 8.03639979688227
9.44379111729486 8.357985835984852
8.666247711097482 -20.0
8.336712625060436 7.201156806522715
7.976749818248172 6.902333194756582
7.961366558443405 6.773056059782729
8.279862113901729 7.112673216377609
8.541305122078148 6.685246040510499
9.145542380476208 7.940967338219994
9.285085878136494 8.036556773493984
8.808397616548415 -20.0
8.42025611888075 7.191280815497758
7.984655353522899 7.048792824506169
7.958083198500109 6.7519555036186185
8.326005655453825 6.932448951391908
8.496248536935502 -20.0
8.571898948396278 -20.0
8.551448876396018 6.923002197295392
8.332521964989096 7.226863552260116
7.991325816075207 6.5773676540559975
7.93008228317599 6.730042736444988
8.01116829542099 -20.0
8.198982937179155 7.026228194524932
8.294558280177831 6.898415691186438
8.324797329614638 6.941230695282169
8.333674095878711 7.224315324291072
8.160230445655973 6.978036828939445
7.905985530982748 -20.0
7.887159071987618 6.7377447763584355
7.927537455360643 6.382924979019401
8.003347448475846 6.5879195349072885
8.137170850491014 6.974201427566906
8.174945488154568 7.195259160198347
8.08192476402921 6.758257634421603
7.974108885737797 6.73848002748558
7.7687551974194 -20.0
7.7746696372024875 -20.0
7.900050052920221 6.740077421412026
8.056799132695012 7.097769607647913
7.712695578823998 -20.0
7.798771734396921 -20.0
7.945655312146454 6.883877570917099
8.09492230965739 7.533485834461872
8.187679978356634 7.9144608653311135
7.940441336031175 -20.0
7.911722462296422 -20.0
8.05013566741098 7.311007566038741
8.161061564281919 7.733687630009055
8.138468611623844 7.524161509477437
8.260962136090681 7.37200219261427
7.914968939740029 6.893253136654955
8.09752847781933 7.744167664746881
8.18658528270478 7.685900692777212
8.173032789024315 7.388332647140146
8.313178777548302 7.737237025480602
8.009868519037644 7.015799702425122
8.173106540719568 7.524280721896224
8.288374509549696 6.73457572024334
8.39273228656232 7.7228332968419116
8.08133263403341 7.182984896939164
8.427606916103024 8.054313897086253
8.572130952207036 8.127281089099048
8.372607793742459 7.5885873864736135
8.323921711418887 7.225252115548678
8.36873318585193 7.9216839488607
8.262715554634728 7.691538698861315
8.590677221740924 8.507871935847456
8.936596609062805 8.316484462372003
8.633732965277385 7.571597572548581
8.381859426423848 7.506434447597067
8.35203315300146 7.920867251918988
9.128529748719252 8.075980643195203
9.103042505713292 8.110419435397757
8.521020678860186 7.526099799609553
8.338027360151726 7.896290448310353
8.413675932317313 8.16380064310498
8.548231850801157 7.286823818866637
8.702767813784885 7.607998547911735
8.423247479898425 7.906883429039611
8.38376512512512 7.821345134053531
8.438537280478767 7.336883191932218
8.901734376078505 7.661622160622845
9.270729119971238 8.191781876777235
8.839739510866698 7.748352627826508
8.527116359160647 8.121269410010976
8.299056027374496 7.553075684021889
8.306887912639585 7.3140726234034945
8.507996621628939 7.514265594838497
8.953639350948958 7.925849624008148
8.899726636376931 7.918582041077717
8.621693389367303 8.239420730421651
8.251691154860263 7.621125873857738
8.279030992190462 7.649935983513747
8.35581072715614 7.623938884989925
8.66894463691746 7.871564912734201
8.737520457882189 8.528510805411278
8.476337877988481 8.175871377516703
8.204683443879185 7.406415233758211
8.289401964704615 7.55486887619753
8.339762326059661 7.630815803976553
8.451768592072987 8.27546587057182
8.433691707646739 8.09780469564735
8.233826445477893 6.938004878095266
7.037471734557489 -20.0
7.429985758150876 -20.0
7.3684414712476105 6.249198089766325
7.427799798795039 6.472777481856023
7.47902010805528 -20.0
7.546498701534433 6.206842253465233
7.5641224846713895 7.067218648463479
7.519798081265732 6.624351364256075
7.3734631223209455 6.491017461874533
7.225543257000554 -20.0
7.439113992409445 6.387513615512262
7.581316440687605 6.531327437524661
7.717137201016514 7.221997508674483
7.780956880858074 7.038006715528567
7.823157791954379 7.608665394628701
7.869383017553528 7.343696418585418
7.8236286208596 7.657744495558012
7.763381565296186 7.423019071561727
7.574223514200034 6.397915967856128
7.173701016326456 6.777529499568047
7.578054146059775 7.445869786526961
7.666431620009672 7.011113906115635
7.814175874387787 7.367096916385517
8.010370686186162 7.4399171017782155
8.100264739773584 7.789114535557541
8.171365314780061 8.02633982553574
8.118512302033448 7.921461385603951
8.102122511067904 7.898540120312103
8.001421389813197 7.809427536460357
7.89518388801574 7.142769188913709
7.243123516948277 6.883908589000558
7.464748262804655 7.128187690983453
7.677947696213862 7.187411698396407
7.9067425284525745 7.586522083818702
8.039166054791407 7.460676238240685
8.22976994147949 7.689142710988673
8.397924270366259 8.248789737473524
8.392069852342132 7.724996782401959
8.277064479969122 7.674020626839561
8.115027658710881 7.718965651068343
8.007854944940865 8.034027247568076
7.929456326232478 7.574424427793752
7.353473859350563 7.161303708574756
7.685841298755197 7.7718245231651535
7.873492409584732 7.601318452434118
8.064908341774343 7.738941940089017
8.31896026144592 7.885872427789996
8.542909225873103 8.139855356994385
8.664090950119189 8.022435123839808
8.616428124027172 8.157161588265138
8.404251318764594 8.043206916206241
8.165319623618771 7.6587365829985155
7.870095924857499 7.370198459778082
7.437066129680121 6.541785135942911
7.652368043234604 7.349886077721579
7.919698886221808 7.626752425939364
8.143029507263542 7.659868451651217
8.458738417552551 8.095859874287816
8.759856991787577 8.249034897250112
9.180177008744556 8.208715495045091
9.22685454864119 8.442000411741288
8.734327096645659 8.334293221977134
8.284055400420248 8.026343579943068
7.934804548932173 7.509023574167367
7.532138415000388 7.255978962104967
7.702660061944082 7.565209028795761
7.923986333267768 7.7402443002092856
8.150141564723693 7.6817547640509
8.481812298797065 7.895668263544949
8.792635749939603 8.374252446074385
9.257723969929101 8.491930936762333
9.202367649562841 8.242683853763936
8.672599421391888 8.319688925237315
8.246111295260809 7.9036038705436535
7.893817043204317 7.545106628948818
7.772296822922266 7.634287111672779
7.697543018985331 7.760581979805995
7.81862794520791 7.721771448472333
8.119596892872655 7.831792707995772
8.366142855677198 7.993489800555037
8.58334643997418 8.131617326915672
8.711875027395369 7.9346802596061154
8.672183129230843 8.187231655390635
8.482215712170811 8.103623166961661
8.161094222741019 7.863506741864324
7.8591510572596315 7.285485461604285
7.527604416342391 7.039225804192999
7.65224291121906 7.417985637679721
7.736521583458624 7.748096984463374
7.979681052105859 7.536999962732739
8.270660473761087 8.00211244760308
8.41610425688073 7.897144915590087
8.497245542642233 8.088372182013467
8.451243953120722 8.070653561906465
8.268867532094712 7.820658769900405
8.011830119204179 6.83799072486744
7.803443171794161 7.608837280179136
7.62832179701197 7.446489484979757
7.675093136256568 7.626104917903051
7.8480951631240705 7.689474256708966
8.098116838701506 7.93063012635581
8.16462214669419 7.892602816896464
8.166004411931796 7.698506842682479
8.112448437001586 7.6975020515731645
8.007036996146132 7.315265845361636
7.848737831998772 7.063284305724425
7.6163205022969285 6.4559362739783195
7.468923649209583 7.311789492999044
7.524243944562438 7.017088977227144
7.591508087045272 7.016800517192944
7.670444505358249 6.875283741373878
7.799364221723381 6.72691879128564
7.8992229402991985 7.566123759396431
7.989556977994383 7.460570820115554
7.9714000022524125 7.633917139866099
7.839276501247045 7.064805594046552
7.638085934488508 6.717834096584379
7.399547451669825 -20.0
7.344827846457193 7.0238937560073
7.409033670546434 7.5336575988494285
7.472899870958335 7.1673900795527805
7.579819685119569 7.202102089436816
7.684293599072646 7.261040498259073
7.73373261995672 7.295518758817458
7.731613546656634 6.87031125733932
7.620661056223548 7.099374766926507
7.474523068597156 7.142316173238899
7.529792582041595 7.337405155010819
7.527442783347759 6.915098350162662
7.233181609797763 7.327237929326423
7.312109367748075 7.280080343113159
7.465614862873621 -20.0
7.587585266470534 -20.0
7.592724442046597 -20.0
7.609444092075591 -20.0
7.673621644496658 -20.0
7.835087459233336 -20.0
8.00419078719362 7.335182325683894
8.096652526730573 6.969591201907976
8.045403470709367 6.955284502292064
7.961919132466446 7.104746389872062
7.851400449206545 6.519187329996139
7.6514573533742185 -20.0
7.561602438616745 -20.0
7.661988693113036 -20.0
7.700814943745586 -20.0
7.7277377297593945 -20.0
7.805005480451193 6.813116547763268
7.913310870851069 7.067616407847963
8.23367305656842 7.507457450407033
8.34643962296616 7.7856142414249865
8.265686511549363 7.525635666201659
8.147887554572616 7.632086126330197
8.063203458318528 7.298520893824509
7.968564324731258 7.193149982921651
7.8778091184467405 6.593020408060484
7.681545851964557 -20.0
7.535261081683003 -20.0
7.790616395382064 -20.0
7.783162204248962 -20.0
7.846972659818918 6.597078152719935
8.00646856288134 6.987827775863782
8.265258753187071 7.356028089625815
8.440653759655104 8.077927552017211
8.409799021549846 7.971397141160997
8.339153937339066 7.479938281710353
8.25867958741233 7.489734322492256
8.19195724052661 7.894260034157588
8.017348772837234 7.827905756650695
7.914179054753301 7.008044583998353
7.77869764975745 6.603890922957937
7.618620138646722 -20.0
7.786249081902707 -20.0
7.817554068671438 6.689190697885139
7.968201963781333 7.2430323304563045
8.261156816671006 7.528785411950148
8.368478979734125 7.7655909465566975
8.517801249959843 7.908307544384584
8.583527365347464 7.9743073158025695
8.697766303802258 8.114229729884313
8.6489541789551 8.295809709086743
8.49440984084424 7.995551422919499
8.245911409722355 7.860846488726823
8.02044794177784 7.469949665696764
7.896038114831698 7.311663576976353
7.729727257580677 7.087533012474839
7.827025247869987 -20.0
7.923709907463094 6.974573223674366
8.143650201859348 7.480543071838586
8.318588964734884 7.793367666643984
8.412854827385644 7.782723361006922
8.576819596566676 7.899482884788377
8.783508487019688 8.089391215238834
8.847194775986432 8.054949466351996
8.736302791192072 7.992009270207799
8.597776879070256 7.982840961693082
8.374648902122356 7.917228159378312
8.047761145772977 7.933582020214596
7.789848274567564 7.363081455136948
7.694448853673124 6.923274547886363
7.907184895451857 6.913050251167426
8.017164078295252 7.527149138469542
8.255650142944383 7.728964491833973
8.427581940663753 7.659830020399765
8.43236716531588 7.513827255295586
8.628150415213476 7.3899215099273245
8.964332250047548 8.049805475425114
9.008777434393764 7.655725600475545
8.720916039576293 7.260358084919097
8.489025716639828 7.6350900758577165
8.387601075989561 8.043949890130468
8.071886878272036 7.892187354600964
7.564580368721994 6.988938175563038
8.027635648213584 7.313887957814189
8.073487931169593 7.456611970046257
8.267821308593719 7.498733113356828
8.442044237144474 7.9767410252559285
8.455915090818332 7.4465260555445045
8.759782359039798 7.534487323965254
9.420896651369493 8.634579608600164
9.403898602851434 8.396893864711554
8.791220241609286 7.434141901965688
8.423729608733508 7.527776510896003
8.362508710066074 7.481834629278
8.199656382514046 7.959834352091679
7.877800669120723 7.43155058020277
7.528198371427902 7.195103484799064
8.106836609575181 7.352865250316845
8.168511138279776 7.8007690900895446
8.26101884667477 7.350324167214106
8.433478755241959 8.063372399725075
8.501214331631877 7.581777789796112
8.762093571334155 7.508350850739949
9.530775550385686 8.461177005037928
9.503365419792784 8.691658082852298
8.780849157988353 7.048835867604132
8.386760086413682 7.533712300754683
8.277242419090083 7.495739393620136
8.161604917242734 7.336645726298345
7.9637770961705385 7.713224880106256
7.5994718725484915 7.715852504913467
8.13665917041355 7.64811185402563
8.200344322709071 7.629781873441507
8.22290743771103 7.857788014679934
8.381389164509754 7.5568881214711165
8.572438383231363 8.043983179952662
8.679066445974188 7.280745399141474
8.988285919669506 7.3436463249088595
9.00289314625991 8.006361405600783
8.682968478114944 7.678735138423469
8.343458974408474 7.511532287040641
8.194680084907544 7.198376506100303
8.045354651609383 7.493985394820706
7.991496970418871 7.586551991594606
7.766375327049673 7.562858083990209
8.178097936728037 7.462830852274985
8.3074075357965 7.851256778188227
8.298668353171415 7.742205846796132
8.392166832348007 7.596156790100836
8.608319011738386 8.011337399792858
8.75929079020409 7.931152076368013
8.878865343436118 8.197022726245406
8.826725734359398 8.150475818620361
8.599081378423538 7.878981687814652
8.372171318909382 7.530772565504841
8.154294740909316 7.1553739098353475
8.069500921452482 7.296635050052237
8.010972885415907 7.46347430117801
8.011599709600889 7.806979268718608
8.018904709878479 -20.0
8.261178998481833 7.539434989240111
8.307176497115012 7.8947704821027065
8.388839264944716 7.873377518466521
8.672731100078787 8.09223985972076
8.72383811528263 8.181271772900994
8.594662295295173 7.90284619777381
8.442834581881153 7.742191612580045
8.26642461192479 6.570637793808449
8.09845296847433 7.195252687142254
8.06205653165849 7.14624039578837
8.089220597379311 7.329345501401129
8.165520215169405 7.645937594390102
7.898783974238254 -20.0
8.067197529886597 6.888509147593526
8.246971352077741 7.914822115516094
8.387652526536904 7.780774669089866
8.467889279462922 8.085572205054035
8.541932631596747 8.184663968187756
8.492886908412691 7.373065027240311
8.431026153489922 7.686720390451873
8.214138195517418 7.425001479871949
8.089043137103637 6.672083950672018
7.966004371961073 7.2059105416151645
7.930371475154116 7.079399833825976
7.998011548222008 7.1744992172242545
8.138239697088444 7.346504922349712
7.67653252400705 -20.0
7.835349777923867 -20.0
7.9624353554088145 6.788676379626374
8.212912365893343 7.9222467614549155
8.276780687589238 7.9487065763404345
8.197452394976423 7.356819514181484
7.901821819510387 6.69239872364811
7.859674085187379 7.1949438187014545
7.842294322752559 7.1001811526101
7.832377252543225 7.113164628739957
7.896726998523978 -20.0
8.0522141962658 -20.0
7.519023060274642 -20.0
7.624196177117733 -20.0
7.753010567965588 -20.0
7.897138027176192 7.041831914241435
7.917031707034683 7.292665448309033
8.01839032195137 -20.0
7.890036199350725 -20.0
7.7992517751422294 -20.0
7.767065878840226 -20.0
7.842814773719698 6.713851384167255
7.886019993632389 -20.0
7.8441467408917465 -20.0
7.89461530886173 -20.0
7.927687364159963 -20.0
7.561071848607363 -20.0
7.831628094542354 6.76721481199453
7.902337271242354 7.3583379576315995
8.042521753418765 7.56126695809996
8.067873896046006 7.379949235749607
8.217220108613715 7.767131899827453
8.193774307680277 7.577066991164339
8.185991894738905 7.4503374169949215
8.13666095068288 7.2787012734714045
8.04224706391161 7.078513648786901
7.864000730693531 6.926672844949171
7.749592488795621 -20.0
7.725621836152657 -20.0
7.722430092880716 -20.0
7.871674388082286 6.850426327809753
7.984013845623868 7.367692472607106
8.025005816237869 7.642757267440091
8.139456938140945 7.530250392126032
8.250347733575556 7.826095431509483
8.261716746081234 7.845643132043742
8.285183449098554 8.030502019436613
8.276386712615103 8.057732265475043
8.181470561149615 7.534652658962377
8.048673145455224 7.289574088564305
7.90005031230119 7.105389070250803
7.791807370279296 -20.0
7.760931946505513 6.198594237893514
7.970267695378821 7.164132524728976
8.048070730622351 7.429268410831229
8.059917302351346 7.2428846816226
8.135022659065307 7.134294313541724
8.155746763717389 6.812599270654837
8.22134458393385 6.944996467229848
8.284599797556806 7.210933381364927
8.279538451282145 7.346865506812355
8.2765116846706 7.712228117621138
8.201830980626879 7.581554628548662
8.072133492805992 7.098311011955168
7.908030205406048 6.844652165900662
7.867763453677992 -20.0
8.010795785012553 6.9681971295433245
8.013962856161713 7.326670886265501
8.065127275371395 7.147918658078803
8.103604790449769 7.440233824882906
8.30058832940418 7.204967682583131
8.33328692568497 7.099934179341275
8.40451068934287 7.412766234037375
8.408400731492353 7.225172642831308
8.340083072199956 7.679879184384119
8.266170864496567 7.742798518642491
8.063737294837123 6.932823672411273
8.051189720142194 7.3901540564811805
8.096531784781456 7.208848832512436
8.173069501145731 7.729877821946158
8.362031246366083 7.99680639090753
8.49300595980072 7.61716535694382
8.521019593523073 7.67032023300391
8.653775461502686 7.609957101046535
8.698849585188533 7.507275318923282
8.565531664459836 7.38264409886819
8.432954805693937 7.133100581946814
8.374192552407736 7.779149275704524
8.289144667559063 7.813074137108469
7.912371100712359 -20.0
8.12586179344506 7.141838557681792
8.215860906752006 7.219594035669196
8.383449245353587 7.84572623158011
8.50573299590123 7.89772545192044
8.551860286918068 7.7716150347084065
8.647776701180613 7.711108709349317
8.937103515961768 8.180887248449881
9.113017975534722 8.69848398764609
8.865678173286515 7.867473994626258
8.590890884647559 7.448363476887875
8.433978235312797 7.630169706059135
8.390299658679588 7.978766224951728
8.091273642291549 7.3280552426204135
7.961315029371506 6.601500288153455
7.847119903247456 7.047511085015191
7.757658329493804 7.182763223250971
8.031006110088176 6.363809773359682
8.12070581648402 7.08224605737844
8.19464318801603 7.585237152487517
8.397227741890948 7.841483273164764
8.458781488891205 7.647016743663954
8.489509945277783 7.5251740574621975
8.661197130114374 7.548818760354269
8.995216244520877 8.028252955763609
9.68588299849006 8.971977830696291
9.074545634703865 8.287717580455167
8.685146208592277 7.4888098558453065
8.543775848176146 7.608534980801799
8.441946510004621 8.082124805330025
8.117270018245403 6.982763982885734
8.021371396778298 7.011017218317835
7.835474299994759 7.633695881007173
8.08627540126908 6.5549078599870105
8.04897820680515 6.71552808608568
8.125430702491297 7.321382759218832
8.318593489643913 7.718348327262874
8.370737912531522 7.702623375327609
8.417178757063503 7.430270578347398
8.552731860288173 7.454823160755007
8.746657183172077 7.428860431123755
8.942439930839967 8.3857261888014
8.857063970605255 8.273595980059035
8.641974206180908 7.913159894843547
8.513941184945985 8.086976995298338
8.414791670339504 7.997152926975999
8.118724680136712 7.384254787307162
8.08234509339875 7.019576845701576
8.096068727583525 7.221395316198911
7.9387304570093065 7.638205248076555
7.944734529912368 6.722971547279373
7.940156086777714 6.8383609817468365
7.988581216759883 7.5678930545081196
8.109939655786803 7.311782807923544
8.17829706273427 7.038615902252508
8.324489245403553 7.52593403345195
8.422155091431936 7.369012705274791
8.519996393394004 7.511152543464841
8.591766582497696 7.166094393454874
8.539912650116921 7.2112469522345695
8.448925599259073 7.217926691275166
8.402893529723487 7.474490625925573
8.288588981622404 7.416890524885874
8.136261230119153 7.28570717483934
8.128954631311712 7.419532603004119
8.129700965689086 7.754424999013699
7.889669295876891 7.745772363069723
7.8116485836588865 -20.0
7.901851686485843 6.4041150400973015
7.892136965622063 7.126695068039544
7.9021462504974185 7.291137633890013
7.884194431618388 6.561626774247246
8.035544691831282 7.165611207086675
8.172573639633057 6.7330345383322925
8.271636852303812 7.351117255991387
8.404652514023573 7.4157389193164684
8.433014615603735 7.475790061422579
8.347082308574699 7.497956724908451
8.290792334237958 7.204252726510362
8.255118241806798 7.0876237270390545
8.219883528664518 7.1748951793204805
8.178150483904428 6.680375274957875
8.178640519556831 7.769592173409536
8.119388373924686 7.679992292658303
7.850711907641678 7.046835250652414
7.677120558642602 -20.0
7.84164134051988 6.824678646453907
7.819506128377251 7.046171848047133
7.837269668114547 6.873042808098533
7.8037878098778855 6.496850414109828
7.870284793642229 7.165350637061229
8.02512937387971 6.806250354178539
8.118737989879076 6.876714362956751
8.269673771680173 7.440276618249665
8.320783575017801 7.558799892965481
8.27067752099791 7.647098262821216
8.286191907013535 7.688461334757154
8.235265934156462 7.274044600658681
8.229230158174156 7.362814205449005
8.194456929032182 7.8577876073378325
8.166831912297445 7.525345748197425
7.994956685345316 7.490392413346771
7.753685021929604 6.897981326667061
7.641547943476148 -20.0
7.690397617408127 6.957030611373969
7.7446223963068626 7.147003347999346
7.7231000789810365 -20.0
7.750787263329555 6.775316487114083
7.897023905413931 6.775322779418854
7.98713486229908 6.61610275310686
8.06373357550031 6.90874840322223
8.15742882880842 7.2630227346174205
8.18757615232136 7.551039431263417
8.16742494591337 7.099846933280252
8.170729138806145 7.120981016677956
8.163328612864959 7.614746607069534
8.122073071120855 7.606160857858992
7.955461311113531 7.26095793910253
7.810949209634072 6.923649281363936
7.616096602060852 7.14049022926679
7.457824674182934 6.416894990591435
7.613563869804116 -20.0
7.613744226018321 7.408523738437569
7.618731931190304 7.3578961909788285
7.596251629255932 6.793034089494472
7.651444061119704 6.538081959963136
7.784173596753552 -20.0
7.856604644694891 6.83408607774264
7.903350542576856 6.935640061236158
8.004640917153592 7.002768053341241
8.016706905026613 7.309566663378376
8.007536305846486 7.066626641248462
7.966937134481013 7.013460017493707
8.003553950497018 6.813365520315894
7.91466544011964 6.2543908052960955
7.580697332118834 7.252805717285981
7.54818585139741 6.879174023009082
7.470739527906772 -20.0
7.593476160006517 7.445483778296986
7.569253658663811 7.402651382160655
7.518278259800714 -20.0
7.429851119337547 -20.0
7.55112613915905 7.108789627665114
7.68138229620599 6.684342846291531
7.824622360286829 6.906170501057941
7.900181717181282 7.29869345758024
7.938121718117928 7.2093881653065575
7.931813528824414 7.188833899308919
7.793941047489854 6.350370112620305
7.771553818784573 6.826453216705637
7.751368361033017 7.224183551481881
7.650644870112556 -20.0
7.796632902081364 6.909098576241587
7.925743040156743 7.4390323245439935
8.055388008087961 7.674929961299906
8.099778718222053 7.801791600074358
8.00919321052903 7.268592013664141
7.943798013893606 6.869492900238612
7.8912139158185015 6.976596542616552
7.929001318673814 7.580739912986219
7.795021042037455 6.88496364878925
7.869856675128041 7.210904407608677
7.944532043857712 6.854376010999756
7.962228282438414 6.76043275272797
8.014549796366445 7.244356585844495
7.973869939160243 -20.0
7.920340072038317 6.928523329041734
7.90329456409366 6.63663759112719
8.029412341818915 7.306601349786269
8.079538120701637 7.063306970830374
8.148736071944656 7.020711939170084
8.172339705747543 7.490503893636633
8.122480028175683 6.65944611833453
8.075830774375314 6.9952582181002185
8.0600001836185 6.889454774551894
8.051071809026997 7.423055670360585
7.891307897528642 7.093308997408079
8.06809045716529 7.580387114473322
8.170340827488376 7.518662096957845
8.21989451698481 7.417885641564401
8.262477816990572 7.478820707723351
8.285769133613478 7.706257145693016
8.12812998564553 6.973961930362524
7.963479505076468 6.87908006068832
7.962415143736303 7.067350856529802
8.002917445382595 7.342264865899411
8.136314359619249 7.5614545667305055
8.096667216313808 6.913827125233051
8.132364827696978 -20.0
8.254930434949829 -20.0
8.396600250164006 7.319480690523299
8.379330544737876 7.960423708579031
8.00703612815893 6.688657446538371
7.992109450016935 7.296192542384669
8.124079190565615 7.702209279016042
8.127860598407262 7.291305413662135
8.052775230116719 6.728654821846736
8.211597082105852 -20.0
8.460424011756084 6.867025985252155
8.536672493488014 6.860107158543965
8.436832509708823 7.512556112041392
8.142433491497458 7.397800055496909
8.065008200866222 6.894380427475348
8.102331436377947 6.405984959595084
8.454938456342164 6.96668799862407
8.97836568685225 8.384438690685421
8.715284201602438 7.791116008722896
8.327848816375434 7.044516293416294
8.07489260557567 6.82377027294833
8.058656400401938 7.087162899010692
8.140365413673347 7.446797113649077
8.063013718841233 7.2039988263523265
8.288654020395814 6.812793022072761
8.659834258278476 7.798431328281882
9.144818144012255 8.522960009465784
8.591469179509769 7.394350770372407
8.186932881235107 6.410102113446412
8.05629143360487 7.007848311441548
8.038915574506104 7.429438596338414
8.142084798872386 7.221481614646757
8.092612921457443 7.084994118983836
8.478593334215946 7.420068296558799
8.583282638185812 7.339600444754908
8.537467769031325 6.866494225647547
8.275524280106971 -20.0
8.087689111254063 6.432577659290778
8.060640877658182 7.092881880911246
8.109431861000575 7.320484041270763
8.086383990240105 7.166936720415672
8.109151512362372 7.463702442443367
8.485429653240253 7.883184600770142
8.453777080861427 7.089523075963398
8.25929237907101 -20.0
8.135912347629715 -20.0
8.139185664871464 6.909348364281644
8.15236640872631 7.23810740777294
8.16472773064723 7.9288792241614
7.994597100740123 7.03999071720519
8.237663720550994 7.196049144473691
8.403964728068832 7.697663137285329
8.340118069304795 7.5292290513547515
8.228189614428915 7.273853810825397
8.211008914947222 7.544432288581756
8.140614848849777 7.651508899676032
7.984640253317302 7.561451839398912
7.915082926163025 7.101119411547245
7.859167838346489 6.827922340525409
7.930198279623845 6.701671586156681
8.189669995268465 7.1093129145746605
8.2305742768951 7.575043317215768
8.058233109619117 7.232175212389428
7.917173564238041 7.222130490870596
7.784081865106856 7.131066110598728
7.328300748039995 -20.0
7.18251266729057 -20.0
7.398588449315143 -20.0
6.590511734378512 -20.0
7.174740222116019 -20.0
7.464399308490879 -20.0
7.4060617464689855 -20.0
7.447079277402809 -20.0
7.14860802538355 -20.0
7.436450598610413 -20.0
7.473956326054765 -20.0
7.572378795616446 -20.0
7.5699881573755885 6.21572539855246
7.58743424452473 6.751828991074559
7.373187281437994 -20.0
7.546807065100104 -20.0
7.6926132505700995 -20.0
7.806769643172024 6.274624396306247
7.82435215902829 6.931579569626091
7.775385940449104 7.214349232827804
7.706201172285858 -20.0
7.8482019291495195 6.465054319581882
8.063896620292313 7.147597068150788
8.060266337992541 6.9542481734206385
7.950867003814236 6.97576855710508
7.812696737712281 -20.0
8.061438658712305 7.315681967209488
8.258195760200723 7.4426799366333185
8.1313620413094 7.098997853796214
7.983714103246927 7.159932231757843
7.47528452300038 -20.0
7.786663198391553 6.7997811820544
8.122691097092126 7.5044159474255325
8.344982132040457 7.521544032863951
8.137152367264113 7.105787868910303
7.953540503246244 6.871392686749921
7.834786837044237 6.704791714163181
7.754002690527548 7.081416598955455
8.073344838198599 7.067678548713992
8.47730819093498 7.6923955708319784
8.50068569270789 7.7203326330503765
8.086162549255556 7.006190743016134
7.941099197496687 6.773468474317983
7.6876774946146345 6.570126159225771
7.961289408163399 6.229908819750534
8.444877220520857 7.364901236462886
9.014796166848665 8.782328161553732
8.352683164110726 7.408621990632473
7.934501752151468 6.771457874395144
7.683585099104413 -20.0
7.892060907166664 -20.0
8.196588559187882 6.783915638995927
8.634830504211358 7.904676964860752
8.484224549906902 7.65543154602502
8.028141855643668 6.990329348767003
7.772016626743948 6.361875055195948
7.985342592565577 6.713811265707088
8.232900215926843 6.916292159167733
8.39050926692936 7.50919473976193
8.164653739236604 7.5107491132890685
7.8092717681062425 7.278403303714162
7.783902642581455 6.625535205746493
7.901682740365128 6.973199776314192
8.032614921076487 6.9845859847238865
8.245588618620818 7.4365652437688885
8.209977739550077 7.742125204925434
7.8669486513271 7.1495749877363
7.865763794781085 7.042649155433222
7.987607827716995 7.466041163008432
8.148052983876442 7.7894853096768015
8.124912985269724 7.66829571256691
7.7806721665970695 7.450186164653671
7.704696746801692 6.642516127157054
7.893776688476716 7.118174775630965
7.941959385802919 6.906835861657999
7.945468701515779 7.458346829261802
7.660614350257907 6.783083621287051
7.281842914655026 -20.0
7.696111228282845 6.582782011556764
7.790066184002755 6.643690768707218
7.778654876716933 6.828464493185867
7.731411805710174 7.095093509453043
7.397852832707209 -20.0
7.159086034216551 -20.0
7.722469094713401 6.839234907387966
7.727257555392759 6.791887602035282
7.67148080994842 6.67823925691782
7.482428385260841 -20.0
